510765 1.51922936431
524736 1.14515796831
527510 1.32990811216
528527 1.763641621
549276 1.78162874745
560555 1.72146981471
219639 0.687988018869
568004 1.45281661168
572252 1.86041654946
578298 1.36561431864
11066 0.105026362118
598998 1.86406039111
2793 2.06582921857
605250 0.71024608561
605638 1.76286077695
53936 0.960854759501
607358 1.8229814579
302140 0.816937868657
101541 1.20128306453
2191 1.79737582098
146109 1.39923578701
33820 1.24441184447
75762 1.09230209022
146008 0.945473385886
55920 1.9384019914
242679 1.72677963216
205945 0.944007012112
159303 0.914653815359
214994 1.78286324143
113662 1.78588023674
49765 1.17163091539
48716 1.52073580253
78922 1.00860179483
78389 1.61633860839
65232 3.80972334755
140591 1.83383937978
645859 0.95442165751
343945 1.66980593006
60839 0.981558771758
631132 0.08462573251
164972 1.33594037167
290938 1.35338378922
236191 0.914622673273
166271 1.09282015128
206891 1.73283005679
41343 1.7957236529
111002 0.683205068407
178952 0.842596589727
636471 1.58156865632
638137 1.07316473816
172545 1.15484175569
394758 1.80795557815
384947 1.46910967636
254517 1.08855818222
75926 1.23723253179
250000 1.46723398264
201569 1.21698731366
239912 0.962487869539
126729 1.34476036507
428716 1.58225611681
644433 1.42908010924
320386 1.10557110793
232830 0.902403216212
340591 1.81876805681
224635 1.62836446516
133879 1.52812832108
402536 1.23390458405
726114 1.50000349468
252735 1.71962872688
422603 0.97430532732
209166 1.11548762072
289569 1.30039614705
451931 1.0589524357
312664 1.66117770766
156653 1.79084813272
429018 1.70534677066
659992 1.82320950166
429649 1.58242186782
565697 1.05229042259
658812 1.81082428199
660583 1.81031782072
663231 0.914836312364
464606 0.82659389323
507018 0.943005337223
666752 0.89391960788
332343 1.16827170034
312508 0.981164776197
462753 1.57810389454
547137 1.23982444986
492898 0.710835729251
449585 1.38944508284
471032 0.924007079066
464285 1.45429743084
487081 1.67907162454
698697 1.549304933
717164 1.74895183781
716320 0.711012987841
728845 1.47819398438
733263 0.838246510905
734487 1.48235431402
501203 0.782225071572
513030 1.79759726915
517540 0.996281428777
536384 1.05370734684
539886 1.78212846011
481670 1.14109030793
8740 1.87250619391
573532 1.00299542053
592475 1.2569646685
522358 1.12663102686
53047 1.06837427844
98915 1.41048415917
547962 0.856168223621
83990 0.69478438116
171136 1.08371450898
345701 1.8669787593
280747 1.11642446301
88544 1.36794427345
54904 1.70553925883
113520 0.899935572071
122095 0.962455833715
53785 1.20092009556
373823 0.987702250293
165842 1.51260928284
171332 1.80739513384
178813 1.19212620303
503961 0.806556055597
225906 1.09103298608
328140 1.08889357061
45277 1.28538682516
183931 1.1616606848
127333 1.73376318262
37601 0.818787821017
389902 1.86602629747
403225 1.03692201661
388739 1.86976020801
23205 1.28190568422
297754 1.69882232945
82858 1.66841176773
346163 1.75321319351
439480 0.859091504774
88039 1.83070735284
307063 1.1525846429
268335 0.89177074561
376581 1.27792931405
410328 1.06465476174
170075 1.5541672109
170056 1.74048199054
167808 1.39357676134
211141 1.09431794207
64261 1.18037758744
276580 1.50530270741
240331 0.961447382136
179242 1.59184713167
292322 1.55394915073
246969 1.80707870716
469319 0.765545018906
436061 3.56108841396
158142 1.76189403059
32029 0.86582505315
603758 1.54996808601
482518 1.01219948445
306902 0.989812114993
435071 0.99700995532
135736 0.781217709688
385831 1.57997263295
89125 1.55580432589
656459 1.09658743325
227975 1.7351006495
596405 0.973881338149
200307 1.60897543797
145255 1.27409153477
305753 0.881186412384
436982 0.955968925042
663112 1.30146911372
414908 1.27217044569
403173 1.72829134104
655279 0.0445780560905
396039 1.81653762708
79663 1.03455256402
302131 1.61542783845
470167 0.724325755153
520451 1.40708483307
660628 0.822723325382
739042 1.89729888674
317051 2.1937069741
454865 1.85687913133
450357 0.925365557581
510655 1.44678323058
720950 1.85721864088
472371 0.902602239023
710454 1.11393541617
687352 1.22719804807
548134 0.763968461994
493817 1.25616136172
483662 0.224928868021
706381 1.07155226956
579395 0.943360027121
722267 1.20606082294
739468 0.705447052797
540992 1.08838561286
555020 0.811832636134
555012 1.23674842521
585135 1.5274100873
585393 1.12594755716
595701 1.28677722679
330567 1.08634362056
145126 0.997841752236
43280 1.19485039033
545488 1.15442439313
467355 1.25606420106
532724 1.13072743389
105115 1.46341080557
611585 1.14351905672
30358 1.13877009887
74833 1.05619046115
184106 0.992597666614
39821 0.938409930744
339820 0.852980489449
489299 1.63217492895
248622 1.48778604939
90180 1.60321786359
56812 1.33303221615
142296 1.27251642107
246254 2.00452556262
92127 1.95462446868
179810 1.13015740606
209343 0.764191246147
248748 1.65599938686
120003 1.04788708847
88589 1.17433835398
90727 1.6403946437
81091 1.18606116537
149508 1.34242272496
290661 1.73846799211
263297 1.02422435888
367025 1.7495651465
170022 1.80173084925
281318 2.09266076576
50732 1.33545669632
259321 1.70996942712
13584 1.71554091609
341256 1.87150963596
102969 0.914253033631
372653 1.51394324066
147600 1.38403729766
119350 1.29774441391
95925 1.27007713784
74019 0.854776900976
61374 0.779964442767
145217 1.27269064692
189357 0.914719873432
462417 1.97740445905
114863 1.38626984856
170517 1.14526315752
267580 1.76145209966
400380 1.10341998102
348513 1.2662015287
290226 1.78259689613
220073 0.925602438578
149907 0.972221387796
475010 0.98060256707
511972 0.854157236836
477048 1.54396917125
382050 1.11556325257
294792 1.54037135662
302013 1.10241003177
470170 1.49012295734
470492 1.29030691426
523879 1.48142006971
425039 3.35430000565
483125 1.47841797864
323562 1.49568950152
657167 1.6379677406
415511 1.06253554242
701192 1.86237036772
366445 1.46997835226
257525 1.11594645777
446403 1.56975871081
405506 1.06315146136
645552 1.57427843869
668935 1.67681433694
697006 0.972931830326
510665 1.03370860927
335225 1.65765554719
593640 0.807716264532
676503 1.43876712044
660631 0.796087035986
376589 1.8602252993
484707 1.05591954273
675061 1.65901446113
592777 1.62420904874
392293 1.05927270275
473390 1.76994482735
698139 0.598470424058
699873 1.36218826284
686309 1.77546010612
719951 1.1792900979
726663 0.865259501244
739236 0.336948796492
523268 1.27132314754
547450 1.27044179671
461955 0.943572680673
578700 1.31625734585
578570 0.883754726125
579008 0.432640876593
602919 0.822041547975
33152 1.05843901254
104973 0.828845365761
103405 0.952293521161
175673 2.08322044358
341147 1.10990607266
111924 0.721202735973
36498 0.959382562641
37136 1.66710537513
17759 1.22700435414
508819 1.55357903838
16017 1.35984330172
346612 1.11934172865
159895 1.11603865592
116478 1.76416393144
258965 1.16459124316
118007 1.13294754494
371597 0.917919688748
333014 1.00160829432
105525 1.36783500991
164501 0.864689306232
320668 1.03451973413
240089 0.831352307346
128263 1.0668147562
214985 1.77208456291
621058 1.57101745611
623114 1.36045080149
238036 0.856218088328
153208 1.18540162045
110701 1.14968331011
351187 1.26672236598
22898 1.58642130391
197546 0.846139066212
53759 0.846291298569
69005 1.24501923129
66757 1.0750616235
296714 1.13755977744
479880 1.86895739179
621454 0.752576242524
168522 1.0965805645
650312 1.5532034845
196040 1.93228320716
527199 1.55722160717
515302 1.41416130942
258766 1.80009839877
151341 1.69885645423
296476 1.60061363568
221209 1.14046277544
422044 0.899896879132
247700 1.06043240558
67876 1.11609293805
228683 1.42160836573
219788 0.83125805096
470630 0.929726246202
151075 1.18430445019
210736 0.871233394495
129137 3.60272866506
384208 1.99071269014
642705 1.70028805675
226360 0.982449752841
92812 0.961778592314
675327 1.35230827152
410805 1.09286006594
116056 1.2250550833
256846 1.35220537401
125711 0.993155839473
400866 1.78813678801
507631 0.925962241337
651822 1.1271127346
343635 1.11400845755
713039 0.959084842634
420785 1.03667254664
721115 0.925648604032
240654 1.54413789192
542692 37.3278267047
238716 1.77474262062
465771 1.55226930027
659850 1.82617684413
174893 1.27258035365
519311 0.982660895376
669365 1.56070403122
666672 1.07613384075
538560 1.20461772166
405748 1.9878503307
727720 1.40887245118
535539 1.08394075499
698309 1.39257056579
705411 1.63955946945
691315 3.6426587403
686914 1.50088182614
695990 1.1649345857
445773 1.13203689268
729490 0.0617741829669
741374 1.68006370135
515432 1.68565376978
537452 0.872379161973
547985 1.16665487067
560414 1.20187652868
580475 0.781701700572
583971 1.11436541917
35556 1.10957096205
540668 0.966168704535
592988 0.545488878006
31703 1.60920632254
15959 1.53807607974
147469 1.13187191945
27969 1.33805338818
215729 1.11712864403
319778 0.88253910335
614778 1.22579867441
148694 1.19785703355
434140 0.704348701902
446825 0.556235316981
427401 1.32008488512
533858 1.49361788254
75195 1.31021282708
1221 0.115790384624
277346 0.741648001048
109911 1.60662804626
221186 1.30703124591
90827 1.48257733273
68753 1.43474754974
626858 1.12836151857
620793 1.6535269266
377406 1.21512344593
134855 1.28251728024
24594 1.15335608969
734150 1.54685865136
22921 0.986484932145
629685 1.25587400064
205064 0.822083074687
402965 0.847779374197
227237 1.00417325334
219268 1.62139601827
49755 1.12545856015
224431 1.26632219913
292813 1.20298869062
319366 1.20878204652
44805 1.09171239031
141373 2.06871916026
282824 1.97767688379
170169 1.80705105599
361708 1.09269900512
259938 1.75364903887
642854 1.05168312477
339457 1.37516579368
263245 1.06167107468
248886 1.09977236573
52283 1.01585194227
305769 1.92526781062
370692 1.23812189276
564572 1.18437934434
619971 0.889090325323
102194 0.939222962038
419527 1.64720516834
152873 0.935292712566
230604 0.988538373786
278698 1.47849270828
474991 1.73601520268
477489 1.38878406792
311208 1.1321638388
259174 0.871996622024
290709 1.65039855269
667671 0.904871939032
285418 0.725027019694
296989 0.952509344031
438551 1.69773530197
193957 0.999199414539
335046 0.69405884389
264394 0.936023011079
656576 0.319676516144
424115 1.50698912179
131316 1.85929230794
661336 1.52082488965
668077 1.89431006456
421675 1.84183584647
404490 1.245480639
598544 1.96646697652
457322 0.912041582191
643344 1.50004720719
409354 1.03439058936
671700 1.25174977945
694514 1.09580763782
651054 0.214280279896
676722 1.5615602897
698235 0.951692712486
720479 1.72819758239
713975 0.817643384815
709865 1.53263592834
719521 0.706931704581
741079 1.39100886523
731240 1.33570358245
733474 1.38921650032
740234 0.937730893103
500813 0.774275962494
517666 1.16404106439
526322 1.15206076128
527024 1.47508582778
552619 1.03076783983
568419 0.940922237831
124236 0.887357128179
590770 1.23320677407
594054 1.08677215297
3917 1.33484321674
477416 1.04190773664
79909 1.84606998223
92704 1.2010471533
606784 1.72250312584
118149 1.27523772324
45695 1.61792202763
35663 1.06458530684
40564 1.30128765167
619222 0.922678824299
25302 1.92947654774
212957 0.827899352979
106480 1.07075110425
2558 0.877580950495
130165 1.33469738619
301439 1.53309021463
618231 0.41612477456
140666 1.60533298691
90805 1.91489124019
91638 1.41404595179
43020 1.31485326626
557437 1.66549417769
376091 0.933742691377
618052 0.0148601887657
43169 1.24652179526
47475 1.01885863993
310907 0.871837140914
56961 1.50576785001
232654 1.33804362819
117589 1.14674911802
140224 1.65931573294
66697 1.07838884157
65997 1.34124530071
84318 0.992599442032
532199 1.52154531672
33674 1.37408958226
316344 1.33873796733
247915 1.62594660946
110517 1.26007706979
438698 0.886581277822
365474 0.74208865068
215486 1.29266317175
118287 0.947245365155
105887 1.20148101372
172704 1.39758738255
325119 1.25716268539
146801 1.69953810168
344623 1.04039554364
69882 1.57734428533
26006 0.847697473081
368922 0.955767788934
554873 0.774679981324
288892 0.872926424022
115241 1.12797714619
232766 0.926718979805
561644 1.0976085996
481694 1.3467495627
331581 0.854598952015
433310 1.25981314936
559354 1.59630812933
265036 1.60298415699
355049 0.911316729308
192834 1.62001847035
201690 1.9613281302
233415 1.47060350184
416004 0.758047529268
619718 0.562083782569
509164 1.48868908658
435942 1.9252589572
362102 1.0430202788
612501 0.93410283291
630753 1.40693794837
659371 0.962832039792
663672 0.457603657392
353620 1.47673177583
480266 1.14105678213
610442 1.640355754
449229 1.1076129269
331223 1.87352157064
673510 1.46246149445
674903 1.28927185381
394844 1.14066095721
446932 0.923121484025
668980 1.02619096576
451892 1.04659485242
695565 1.87299596696
696712 0.941574691837
728849 0.962742941231
734468 1.07425209239
739291 0.681620022401
740672 0.536946282997
506382 0.659982054265
536532 1.04039736521
539083 0.681366201259
541115 0.935177562257
546085 1.57482933832
585404 1.04226707798
586783 1.56846116978
529249 0.0460733218126
588677 0.756608475747
573488 3.60190532795
3781 1.61676024565
41623 1.0646643441
3591 1.65362639885
236827 1.46336789622
163803 1.07655815104
137279 1.01873729098
49526 1.51174979242
177712 1.02020092375
253563 1.00774932668
212191 1.63417658779
303846 2.10369528192
174851 1.13222489382
132472 1.13118252968
202624 1.60021444227
12201 1.21770516068
144302 1.1642957114
120564 1.10180472992
474427 1.18399444642
92003 1.91994403549
85411 1.51485947426
284321 1.90305441023
366995 1.25017440004
634722 1.06197958478
163690 0.847755274224
191263 1.17898686712
489659 1.56799265989
407218 1.71180516637
384756 1.9824572368
116238 3.7529460323
94554 1.1311447566
454004 1.10973588381
416012 1.05893227996
42281 1.6199278202
115595 1.24652630675
132551 1.06025361941
218721 1.53902086183
353522 1.5070524022
175778 1.27129201882
526988 1.30802344957
58278 0.936832577724
372997 1.74645716676
84274 1.04368455279
256545 1.5425471111
489942 1.55640323658
241429 0.985132470166
479794 1.62285374848
427110 1.24821742705
404131 0.866133364215
375863 1.49730903301
391476 0.743430996968
252629 1.12668676348
174110 0.984600506503
331944 1.14000597065
550158 1.12610598349
369208 1.60524045095
224898 1.27036166048
650766 1.51609353957
651799 1.79096935516
481515 1.05684979573
389190 1.85936267561
358857 1.63935732008
336685 1.25082164637
413680 1.094513759
366033 1.52145818711
492816 1.12777617824
650888 1.5145397982
283669 1.07463221239
357638 1.24262978052
455487 1.77848463257
350200 1.31682531659
485790 1.71943210056
353361 3.62424482804
671414 0.857578873272
311578 1.02309390103
437781 1.95263217862
199820 0.943705901839
684645 1.00711985535
628306 0.961054566472
667747 0.929348222694
408071 1.82911132165
727564 1.67063491167
617162 1.49991128313
696106 0.815722723561
714931 0.994411628383
489858 1.55368897848
634023 0.942573430165
732414 2.0045394822
717856 1.80854381578
721216 1.43021814995
724250 1.51989769516
539212 1.81595098156
574338 1.80651776709
112927 0.935780263067
506010 0.871398894245
576563 0.0163650694809
582577 1.17103036073
77173 0.9577106995
49650 1.63339055533
12770 1.06523302637
361971 0.803299103978
204717 1.50038707143
346521 1.48141867585
133141 0.87920100389
103986 0.928516345158
84682 1.60168792974
57136 0.870338171271
99754 1.54366648776
39600 1.06957407533
386042 1.02396916318
294515 1.85240171626
182190 0.968424779244
28800 0.969347239597
290800 1.56863101911
355814 3.62533937537
237971 1.39200979135
309129 1.26494362525
83293 1.85616275808
53754 1.11409401397
97800 1.01912007302
432585 1.05173466848
230857 1.40243807073
122614 1.07041317478
261231 2.01183919894
284768 1.53500342905
433863 1.12772359938
271641 1.12822572277
95784 1.09329344406
70650 1.23369724464
324927 0.776643694825
638112 0.82508322982
285274 0.907313766483
229360 0.838568949045
539653 0.635498060065
635209 0.846576854475
210885 1.0216255684
187245 1.70663998153
287578 1.31311021083
353034 1.46416855917
136018 1.59110857655
308002 0.701124417235
130753 1.12607932423
607893 1.19400046588
89732 0.75703345746
294321 1.549722709
211690 1.12798660292
271536 1.15700699628
400551 0.961638938956
565762 1.58568649335
465387 1.13054185712
303983 1.10863478766
256010 1.23352881037
396403 1.11090472568
309838 0.994847477599
385095 1.39823832806
397696 1.67910223163
176549 1.83000010547
350183 2.23066204183
320762 1.2472554795
346932 1.29913048896
361794 1.53246103425
478393 1.55664757387
362644 0.968916836296
277687 1.75155538475
304055 1.07025394165
328329 1.49461375681
667371 0.721798728344
648295 1.17037933145
128887 1.77836832115
669442 0.580500097553
670621 0.799931000181
403020 1.22328535653
705662 0.837015179077
727606 1.8289361595
689883 1.21447133459
671724 1.01004371693
416482 1.62769242026
700716 0.902710813407
483648 1.51375133926
690733 1.20772913414
248703 0.815760645271
697185 0.683276693453
449050 1.92730904851
560645 1.15187527878
614032 1.39161744719
484062 1.55396568271
700707 1.6810481799
704465 1.29599506964
703446 0.919246431584
729471 1.0219525235
736216 1.31021453136
505207 1.34774144316
524784 1.80649144065
534212 1.44975344176
539185 0.87207092099
530602 1.40653946235
570518 0.997219341348
1843 1.16936305271
583306 1.28755390819
590755 0.640405018021
591879 1.25095444256
589199 1.61572814811
355188 1.44155858285
596548 1.54353695383
29607 0.907867190151
600816 1.26419637155
102526 0.905565211072
82139 0.773581562228
58313 1.75911894219
130751 1.02564341212
412155 0.888926416231
610890 1.0646911656
357063 0.554836909168
55044 1.46850231363
7693 1.21895672268
556693 1.33207346633
83385 1.89061211652
300969 1.8318552938
111060 1.61711141646
58829 1.51774754685
79868 1.09420315261
141260 1.68110498815
143289 1.17750935945
81919 1.44142990047
347433 1.36466263358
295775 0.797360474986
547862 1.65997654175
26992 1.84283219926
423936 1.09646767588
117221 0.992597164665
621495 0.819792815473
324977 1.07488313046
103383 0.97528082828
164438 0.837313081485
265737 1.29153058167
150303 1.55392311694
292778 1.32136296428
368394 0.954362679544
157386 1.42883736458
2974 0.998363957512
84517 1.25955277426
244009 1.79487230948
273283 1.93937735698
339706 1.00299150296
541982 1.74675134964
360512 1.08481513587
200653 1.00172559884
323800 0.899327106054
383973 1.52536562005
386912 1.07057178509
165102 1.78657380145
194110 0.894906864842
218468 1.7667887772
641252 1.37011119669
362038 1.1872004216
167743 1.2093431045
540900 1.75777394284
220398 1.37015589867
476294 1.32042097283
92400 0.693141527454
233266 1.05807783381
435007 0.848270871341
233020 1.75339000146
307108 0.951722174121
657375 1.25955796703
333738 0.953882469165
376616 1.66857848029
356568 1.12404675939
612508 0.947644176097
458820 0.902314660451
333832 1.92986365327
494995 1.00137178058
389810 3.4882951914
721459 0.728147463173
666129 1.53810722922
663996 1.25202544864
654622 0.759904893371
523515 1.03033522176
247191 1.33216833036
448538 1.39254571046
669926 1.21868466719
362797 1.16867333979
396174 1.65553734906
696636 0.981106749192
657640 0.867394135078
695006 1.05560923588
710609 1.3266584484
741442 1.00485338565
721290 1.70875300158
735533 0.817568734406
733701 0.726784052518
505041 0.743418236341
519398 1.0991248215
520964 0.906124184656
558180 1.44681384706
576378 1.13642544588
579150 1.04453224973
588415 1.33203721008
593694 1.6329927949
1554 1.12985830493
428757 1.40166268405
603139 0.942138137991
77120 1.20239602179
8583 1.66717973765
5837 1.59800932256
66932 1.28466476139
91065 1.39229292278
5597 0.92449986135
613901 1.68399939326
4609 1.78167789974
16591 0.665792463633
249602 1.82425943617
144277 1.0538808446
533607 0.264287332194
82051 1.69741909093
73969 1.89017670792
81698 0.97206797273
275398 1.93235509886
362387 1.73725492176
16597 1.51876614936
139296 1.13528306395
179411 1.83211644204
150645 1.76038250132
625638 0.0639566390829
92424 0.868026162605
267750 1.4043245577
46903 1.22294495746
304040 1.13381304461
155967 0.931038606645
110904 1.51720142315
97107 1.66368379001
489913 0.854272335033
315214 0.884057515951
109408 1.3918160696
161167 1.35194574801
39124 1.81596315988
98003 0.977836006416
170139 1.64977334628
608095 1.88169440665
350114 1.63098600653
329268 0.751208439671
391473 1.33179748653
513138 1.25655429577
129017 1.55332119859
233808 1.5029368998
225333 0.561320776793
321010 1.69613480891
215911 1.16782744927
243456 1.46336346739
212167 1.3733449807
251748 0.849348763773
442227 0.925472601009
607474 0.584559395292
569781 1.89013442523
156483 1.30310877634
189797 1.70324711219
60684 0.951307696282
138698 0.951532106772
183573 0.989450556058
386285 1.26809304256
466199 0.888339357201
425158 1.4338646109
68045 1.43229474514
275699 1.20166611815
150304 1.40273763656
477638 1.56757284287
372681 1.51040703628
474019 0.850084878655
90188 1.34408051906
413636 1.46004597296
680810 1.41261200025
411259 1.27609865891
322648 1.31148225542
233653 1.6890878334
687849 1.48733657358
664833 1.00852404156
589569 0.770545259926
683519 1.04828769194
441872 0.889492892585
688717 1.30413223223
474536 0.503590781523
696189 1.19157247187
411449 1.83205762491
656496 0.912509579268
701166 1.44143769726
703310 1.11804309764
692509 0.901187792866
720603 1.40636968162
725299 0.656844841762
730991 1.66749952732
732448 1.31296239624
514201 1.48412589334
557735 0.547161063186
562420 0.613939458199
8376 2.281858136
116573 0.935724604079
552118 0.55866112372
253874 1.01968977248
608328 0.87152731105
187249 1.29435555878
132969 1.32228492195
24030 1.76263248826
611598 0.061978153578
365214 1.12873710023
224220 0.942546847076
618014 0.888894240794
18018 1.13336111492
326846 0.808909075988
430924 0.997972807637
167704 1.09270463779
399100 1.85375547592
545818 1.33006502163
103743 1.44605457781
95076 1.13494841281
545994 0.709183071167
309032 1.12898103397
199853 0.849245874015
165278 1.03765035586
627413 1.23581643494
49284 1.05197123455
47857 1.87548848479
628284 0.580620739099
629258 1.66295009169
29096 1.08867479041
83393 1.38188703338
91605 1.78628313323
35395 0.931754331274
639325 0.672964978564
204943 1.03407224655
104755 1.56671215992
100319 1.00793460234
117071 1.61056725638
470044 1.61970423798
636283 1.33506509361
244424 1.71886705143
239948 1.35463990628
23315 1.73819159928
445801 2.01806201774
377647 1.68722528961
170814 1.48356662555
387279 1.53522592764
141338 0.83253612723
212605 1.63809054801
531098 1.27040398491
292397 1.11828567378
326242 1.34683985874
310280 0.710330640476
351063 1.351704079
413006 1.9930942659
170265 0.82241739674
339024 1.82103733587
180063 1.39506018358
109053 1.02932341519
375585 1.59760920483
271083 1.5083306156
399629 0.934305518997
406176 1.25187962141
163984 1.19611521774
275307 0.997242802025
425240 1.73089070871
326724 1.1784906346
437861 0.768851772652
680814 1.21557088361
441260 1.58101646639
184159 0.967095901279
355128 1.41603030185
637753 1.68072498049
487027 2.063524238
310286 1.38334878359
402466 1.61641662248
452868 0.861828130434
464392 1.68365283639
667059 1.13961653915
315888 1.63421666907
400625 1.27678776288
673004 1.39970355427
684747 1.49332279116
686103 1.08938145496
419187 1.61702370473
689802 1.83768835099
448354 1.47111693663
365292 1.55514564198
690632 0.88185895713
462660 1.46408056904
722792 1.15082410307
487359 1.89050198381
705017 1.66365372332
677773 1.75638201475
703719 1.6536255222
703183 1.53330244672
730587 1.76604119631
503197 1.24385053174
517711 0.728580551606
539965 0.965274735503
553406 3.74534277679
562897 0.934195242133
567841 1.11806381437
573004 2.00269721274
579065 0.960329903269
1523 1.04458844356
236686 1.36297110862
357540 0.90535806276
595163 0.65124725799
26939 1.24830609331
542111 0.981281654039
13338 1.47867228622
205565 1.96109915115
7605 2.0207254419
604486 1.03695075862
611855 1.75049491751
53730 1.07930985475
612340 1.77226861526
478351 1.48259365361
50704 1.06650989438
314032 0.835773054535
46205 1.23308313587
262257 1.3183370447
54849 0.990102340236
18573 1.57177474517
370074 0.933287938506
309541 1.54706534857
44651 1.04357518906
196438 1.02887644116
60256 2.05318592716
54109 1.50943080544
480948 0.952915683187
70774 1.68839023178
36668 1.41926440984
120412 1.11681818187
163213 0.964675772966
218611 1.20866327067
263140 1.08009416047
376245 1.05512488001
95893 1.23665369747
252223 0.804020817582
287854 1.29396750954
389826 3.21225665566
635218 1.72322842699
241023 1.16524645528
311598 1.03998852035
461961 0.856575084254
568553 1.10622709244
636773 1.04098558647
54443 0.925076364908
629241 0.211790476963
359018 0.715330261547
435436 0.980923276029
348390 1.17438246206
362427 0.900415210694
204159 1.74551534568
626810 0.845157449284
299630 1.4036489448
271333 1.65443861009
182336 1.33352919131
145023 1.25200402722
360517 0.828648875783
206424 1.01771780289
243142 1.89670603966
424544 0.997900346717
375171 1.25332799983
312402 2.01280944969
481492 0.906975977268
352633 0.852076135615
324266 1.72407554545
230653 1.3541870496
263248 1.34355002302
368492 1.82983056174
234597 1.13705204275
631902 1.84456996833
425662 0.924932492426
648867 1.19589451708
189823 1.59946666209
318382 1.11908961671
249442 1.76620872011
648227 1.63080346912
445255 2.00468897551
664315 1.13109090937
461588 1.29527757843
267869 1.56125660314
404563 1.81409286779
443722 0.972479299667
656660 1.50398291298
699427 1.2080890879
688754 1.14861373005
681370 1.0457420622
322833 1.14984303252
473855 0.955153271725
682939 1.68081327628
460892 2.07536306283
591456 0.702165631283
729048 1.89715429715
530404 0.938298545075
532485 1.65626820656
537056 1.52420100549
557053 1.13840305598
154634 0.912833728178
180582 1.13663116343
588936 1.82995045435
590087 1.02445395732
530358 1.05444766096
601389 1.89211176226
227157 0.834308266112
11516 1.04421738415
31079 1.77150718013
612654 1.2867708154
12407 1.12590362082
111820 1.84569170018
62935 0.951375472146
40149 1.75189787215
27866 1.59585220491
56578 0.937780269442
297496 0.833588420132
165646 1.66408369708
47930 1.80755745716
22374 1.81077831678
108561 1.83778832044
625453 1.06353889433
41912 1.1509307806
53532 0.709836163837
409438 1.22973704621
111000 1.90676631751
205107 1.0598781224
294071 1.76488787108
286346 2.00378632853
615542 34.135941238
222722 1.29739037435
124534 0.845452077229
350161 1.50387991068
638106 0.740119107055
132363 1.32171339044
175220 1.22524796498
343852 1.43296514636
377491 1.75087428611
101201 0.784457177603
206747 1.74004947176
351988 1.99356582175
29650 1.00024381621
73470 2.09479659741
128983 1.65261348235
523560 1.18123055598
267577 1.84648722541
340891 0.994638050152
368550 1.56435711703
407399 1.22159377521
650723 1.89112693635
431000 1.34484290472
23391 1.12613751625
408789 1.80789733881
407749 0.740029827057
348136 1.4105883814
302635 1.17270538243
639334 1.29730801175
466216 0.718492365651
430635 0.89912091455
526846 0.913018124598
428895 1.34438751445
463112 0.934379831505
266215 0.994695010898
491182 0.925950111643
469266 1.29673026029
366292 1.03235991005
158298 1.11488061279
426264 1.23991209986
662182 1.64774560134
663332 1.51422532183
201498 0.848745146444
666940 1.61315147301
258402 1.55834058436
330746 1.86487682753
695568 1.16412085581
221470 1.62437946336
441557 1.24535190177
639279 1.8010740332
714788 0.958153339421
380941 1.9320208363
379482 1.91284170259
412480 1.07535052944
573242 1.87915912533
494006 1.10602482751
685628 0.989729265988
693699 1.59636951572
493333 1.87237462902
690672 1.1587035851
631354 0.977308000378
736060 1.35008452713
713608 1.28565307553
711331 0.854416222217
713983 1.11081072986
719649 1.05500421668
643817 0.568566218594
723162 1.89404338992
514398 0.781307804888
558939 1.52308621635
204 1.20076290978
571877 0.875420314782
149910 1.82792501882
579898 0.684845382841
585853 0.857316452631
589019 1.00540257227
528284 1.16349977191
29554 1.73358431015
602396 1.66042411282
49213 0.913910530071
475545 1.10016114409
53872 0.861890899916
315862 1.38097850727
434454 0.767769149867
431039 1.2161334562
13454 1.2784739597
255766 0.875939470344
17277 0.973916297385
526844 0.934756020021
396238 0.867530287345
386037 1.12463702606
102357 0.945932959516
6828 1.12598279788
31829 1.89961027963
95203 1.23011008818
342818 1.19718349202
506866 0.85331329217
232046 0.831013097089
627121 1.1760848573
38457 2.10224125513
66454 0.828633089018
339005 2.08045599275
74225 1.45707606562
456244 0.890423957483
152331 1.89362830829
208275 1.0677693306
630933 1.09419094717
78985 1.36388248866
633316 1.48018247005
284739 1.42852471395
408162 1.00846064774
574000 0.742539299227
633486 1.00048549089
635011 1.27846745346
290130 0.779529418546
104169 1.78071445804
211839 1.78673492367
93700 1.34006981383
155113 1.26259907974
635225 1.03032827902
430337 1.81175167963
276689 0.794074357426
59671 0.900089066987
125088 1.13589793513
120519 1.20155837303
241522 1.1239869413
569371 1.60314176292
114496 1.36717974016
140358 1.62361940883
98204 1.10256571239
399736 1.36515463581
466664 1.52286282005
608046 1.13615657965
436010 2.00889259573
241940 1.10575014262
346966 1.33537418452
478123 1.73112909754
451168 1.76448933017
401780 1.10464207941
300423 1.08882546861
247184 1.31165662029
592874 0.878059132065
404575 1.37381256001
276388 1.95810577285
433812 1.65180493364
319638 1.40278793885
727974 0.810488102554
449966 0.826085730327
154385 1.0595182442
455706 1.94219461465
416542 1.91254311948
483145 1.4759336768
470977 0.810009927133
685020 0.804296657579
687722 1.73901207865
713783 0.890845425198
495050 1.42474463602
487799 0.887619088365
685019 1.77096437286
484376 1.49013410838
725504 1.07963206095
705355 1.00552378667
713514 1.16166496049
721296 1.57508040734
682247 1.74531826544
719424 1.03961803612
731891 0.818436920734
731561 0.880238533446
509147 0.896910980605
527849 1.7473103696
536224 1.84031377332
549547 0.807977192447
559355 0.928796403731
32057 1.15909444875
576587 1.69778598469
585266 1.27920116203
585301 0.965771803632
526335 1.11078170433
589308 1.52813742728
590229 1.19988222996
591465 1.66892972562
591711 1.88371417932
544743 1.05689183464
74991 1.22881881736
5217 0.9856782111
54521 1.7696791679
606648 0.899330322865
56789 1.67609176894
384782 1.05557991897
53884 1.3172587101
289690 0.875833682233
82202 0.892138874163
244066 1.63028363949
247489 1.32395546971
250095 1.67398646925
242621 1.34418178612
620152 3.19776702947
30628 1.7213645487
186659 0.892806769604
43746 1.00968184767
195983 1.71240935739
344300 1.07648152807
272244 1.23898711713
71571 1.59088557357
630352 1.38168251048
526385 0.822120811481
605896 1.89750730081
283757 1.06221082348
73758 1.99782025694
367950 1.09720384554
92772 1.32428968764
89008 0.690794779118
171359 1.52739167753
463167 1.07253315312
352982 1.43999449283
64140 1.08672006538
207674 1.09527692958
282655 1.09334384648
4008 0.912918842926
113701 1.95246969596
363770 0.899212631487
295133 1.33634843093
128496 0.982090622123
131338 1.85404995597
268863 1.06093020336
299759 1.70491196519
553705 1.29970768968
213184 0.738703966708
243022 0.902901102384
185991 0.954406567355
150260 0.983867768806
459596 0.833400635777
303057 1.50881723702
373835 1.47660222002
387499 1.72091561606
321349 0.942141170567
132386 1.19176621967
230354 1.36317217957
417396 1.6466473368
214360 1.32063470046
295014 1.63607942019
339575 1.75914307294
214504 0.778491859476
278974 1.02562917712
653704 1.66919144213
630930 1.29785200479
421513 1.09750344383
490688 1.46331645925
657418 1.33086243345
396100 1.77900934308
512985 1.90408387093
427227 1.3213051831
428930 1.9192425935
519773 0.697389119377
686739 1.13405932743
312359 1.35011557954
664530 1.84518195918
665704 0.160529711904
362398 1.9336469359
175126 1.07692945459
615281 1.3105980077
362974 1.28466338279
415657 0.902629378749
695597 1.60863495657
688317 1.27961867581
691554 0.874034829192
701493 1.20753869207
717363 2.06342630439
552410 0.706678451999
566609 1.54389029613
568306 0.690203111592
35450 1.06009495214
577922 1.49040909377
586955 2.01190068149
136590 1.47340100775
14767 0.807299122356
50923 1.47931807038
185199 1.80647655208
391364 1.91954016775
612099 1.1007542503
19259 0.958698322451
202859 1.22811403287
9978 1.71082444201
122403 1.02224400574
91536 1.83328248773
527496 1.06812149941
88541 1.40193908811
76282 1.07145255713
616948 0.808748831966
69006 1.41207165496
103208 0.900648085719
30744 1.82141331959
110913 1.45699218201
485844 1.60265621452
44636 1.02911242424
242109 0.800531956739
360765 0.842888589748
113599 1.38823238015
134894 1.14814936606
166628 1.2476613113
386625 1.29408529685
256128 1.50306014662
431285 1.18976413767
50120 1.16265461715
293187 0.996908650563
634495 1.72785810855
275171 1.14146611084
212122 1.38241949092
152392 0.922815798569
82142 1.11561293733
376184 1.13811358119
637521 1.22401751457
448992 1.94880770875
89919 1.76237392002
160506 1.51358306214
75593 1.26989979079
612904 0.95861575581
247448 1.04995423202
131251 1.8411212342
396760 1.33096583211
353212 3.6432686708
82162 1.01516198937
382643 0.756262233069
213519 0.90055008232
155170 1.64034915063
409359 0.961559258972
82490 1.80509699649
116037 1.38245165656
230821 1.12169161647
88702 0.975624294559
276055 1.32209982148
646664 0.821261918173
601734 1.23614647933
385088 1.64737296679
129378 1.75687530558
344106 1.22967542384
342638 1.0299920101
573505 1.12690052265
473049 1.98910046906
224531 1.41895455983
445981 1.50865644293
365530 1.7347241961
234587 0.836251331819
230531 0.859120133648
222602 1.49869829455
213095 1.28879806717
448109 0.556069048787
543934 0.867754008601
601327 1.11011562987
513983 1.68407463904
266199 1.11753081934
84632 1.27735781758
470254 1.09514690464
212029 1.14695892476
233242 1.10874229544
667826 2.01007526855
462393 1.85584036343
666396 1.58926292098
727057 0.831320681208
644296 0.786180921777
524335 1.00740030764
469537 0.882028895362
669096 1.27406580314
714197 1.66263857676
724596 0.844519310784
722013 1.2099832092
735635 1.66148243991
742194 0.828882034593
509277 0.99150986822
508628 0.648349808805
514459 1.66283622728
528704 1.93971800208
529656 1.06905918572
551520 1.10772119339
333763 1.05339178913
569717 0.92687798418
507103 0.724624547563
585863 1.16069822518
65546 1.00526089639
87402 1.12535308685
196736 1.62579280254
144832 1.68678177611
231848 0.869073105423
276584 1.50823585927
20757 1.14192372833
115315 1.811374602
604881 0.846767988848
11301 1.67199359981
73350 0.928102479436
31194 0.916062901506
267083 0.879197272273
109629 1.83416191273
286883 1.51066822907
86139 1.61661051433
238584 1.12703591193
378649 1.0183792355
435103 1.07371956577
155959 1.90688692913
128407 1.20257308627
481158 1.00072503179
227089 0.820276740402
77674 1.4715209114
347508 1.06870356889
316766 0.983395080785
393649 0.868152923666
348087 1.49912640721
47864 1.76388755089
197395 1.66857088667
221395 1.7727286994
511432 1.03081769549
225493 1.02284333865
501266 1.30319955452
596331 1.14263040807
183265 0.922579783837
62824 1.23717536175
571722 1.08147819226
194667 0.933142088179
383728 2.06317244666
194080 0.811165792433
640763 0.680310269175
296857 1.4944461364
455324 1.44957650904
331042 1.84416003171
643281 0.997415836729
304394 1.67277191717
257174 1.27924135375
190519 0.64497659877
376440 1.11331235212
248873 1.38535225159
239540 1.1608868087
669997 0.873531937811
116121 1.17074069644
115091 1.31096210173
416318 1.05708085548
526214 1.1901478051
309761 1.06770316702
420842 0.943062284003
425932 1.37407173366
421898 1.53876178344
398383 0.984199527744
607659 1.12438005505
197237 1.91790124449
456792 1.20329917506
396027 1.4260316506
448086 1.88871906481
660570 1.05581942799
405982 1.3301545372
608380 0.772385103197
448319 1.26121748998
668365 1.84008803374
473080 3.68483161277
693785 0.863118954428
679400 1.84607616415
669787 1.50876012538
708899 1.55519239214
688940 0.771126132817
691321 1.63805539225
627868 0.886826787271
640995 0.712459318262
681470 1.41790758426
558313 0.773931130156
705388 1.00914958928
627310 0.981377972258
707733 0.925690507701
717760 1.66679389975
731623 1.55055457709
736257 1.42575750269
739422 1.72430217382
531351 0.915789343129
535086 1.67257893783
566404 1.7211135566
578656 1.29079160591
585271 0.722720614821
457 1.58593016349
1346 1.23314251019
54564 1.82007313015
44707 1.1735098193
608618 0.932702638894
33968 0.967434735226
246940 0.832803245104
73061 1.10085498922
116575 0.979199825812
185091 1.26163413444
86640 1.17442791751
205558 1.77900763535
17922 1.17988237448
235891 1.2297698129
301569 1.89110252671
86805 0.8153750706
125894 1.21949881389
104263 1.64576299653
246308 1.44707502289
152205 0.843736490542
201535 1.6763522879
185327 1.81245290278
378145 1.16998128466
628562 1.04572834046
291749 1.27412710095
344471 0.812997603771
542192 1.12803368768
472224 1.80802969
249362 1.86846183312
198280 1.12605088136
236810 1.95950691194
343490 1.26632160653
570111 0.718357017625
167453 1.17347626119
322941 0.957709423699
157795 1.46764297023
250032 1.90591165018
483737 0.81434203016
475299 0.896699714736
415297 1.04458646191
40984 1.86563290286
339212 1.36911713032
429956 1.80618873585
331622 1.51645361116
254331 1.72950443656
237078 1.71017980865
471360 1.19267671676
329548 1.52521901559
44559 1.56893070339
217781 1.3444921087
147273 1.1660378165
316864 0.88315824902
399620 1.42294856618
302979 1.33637803761
287023 1.44571098583
99763 1.12317993075
651219 1.39453403238
221072 1.28957502601
272667 1.21655438123
655332 1.17336049968
406112 1.3897579257
485274 1.50781801682
471297 1.27087909309
411459 1.59603256449
472426 1.50526635873
454134 0.962976062405
667219 1.06137367021
457278 1.79063470117
668564 1.73180839094
464204 1.59669245409
496194 1.89929807855
331213 2.00378590485
125904 0.824667440767
313819 1.17381929146
347780 1.30402974008
683273 1.67681901003
476935 1.06346101577
190324 0.742638324006
557898 1.58377859016
492612 1.64055726969
324271 1.88979772902
710588 1.1190486094
702182 0.893194924272
696194 1.19553131254
697326 0.987027892499
442010 1.57996413
702587 1.65054267382
704599 0.642003505924
689404 1.04248964358
709094 1.91713867845
717339 0.81170333122
721574 0.840997088025
735060 1.03676362707
737071 1.24386547748
740251 1.70257904903
512584 0.774659127468
515255 1.01907599771
520655 0.854551825736
524874 0.774945978335
541076 1.265645673
541568 0.0635359392182
548591 1.34218822134
581195 1.20877783707
582113 1.59912409876
582923 1.08573398663
7395 0.868451836196
589579 1.07430662845
598843 1.67153430713
599238 1.00857789008
600821 1.87760539436
95328 1.68623471215
564144 1.15420896345
20273 0.855915901948
115069 2.59390540772
3615 1.6638089066
138020 1.03407286585
612537 1.71887531241
209337 1.66708634785
13944 1.13465631258
64047 1.18120572531
384261 1.50373139378
12629 1.11895096678
156440 1.16612441476
618583 1.66075904206
107365 1.09286964833
514478 1.66527910623
98122 0.871009765948
93205 1.09963620773
531571 0.785427399339
106292 1.03794394807
55081 1.07220789281
26672 1.06657897028
85047 0.798827525546
68893 1.70536206125
161621 1.32811290484
480897 0.598289285822
260866 1.68642086074
459712 0.973443865357
299417 0.746567474766
49923 1.33448480846
213437 1.01476837116
147629 0.858551862827
38823 1.73831057489
196910 1.70801388147
260456 1.2149216546
397576 0.999031452742
106522 1.00651201929
31065 1.58482536077
147810 1.74532629841
539569 1.03114588398
613909 1.61297068416
210549 0.990766221143
185050 0.889633076026
61757 1.20176170403
229882 1.6653040845
210149 2.1011818534
445415 1.62318375899
14035 1.45219395262
400135 0.97098082161
645716 0.985192167271
331290 1.73288475883
301538 1.65827829857
158161 0.904768053392
284471 1.40040051349
415016 1.86939956516
490881 1.49102928333
141882 0.960692162128
526221 0.824417691058
439641 1.45317662679
397665 0.839300244954
421938 1.92738790858
224624 1.6901483421
266190 1.11623775426
441973 1.47806654584
681320 1.53331951143
440167 1.00218275236
452152 1.88341035035
668643 1.82852720094
610677 1.13758238361
455113 1.62902882434
677366 1.67329064899
493325 1.64408733734
685965 0.243230099686
340985 0.963762351019
488694 1.13644392876
494612 1.1791149004
487856 1.77542383735
446583 1.71721667791
491916 1.17620866962
482451 1.92361595845
715387 1.27172653074
720435 0.937824951097
727282 0.719158490834
732042 0.806877878808
737760 1.65914237088
506367 0.556553873367
532786 1.65767897975
537032 0.784858626113
567603 0.0140767644124
300054 1.61796319659
590176 2.07576603694
108635 0.971447837096
58172 1.43105070175
530745 1.10867451937
378309 1.03569530118
176004 1.17089900078
596492 1.15649956586
88456 1.59017493355
25905 0.990792795439
135241 1.67026288938
57430 1.17110375794
4547 1.46802498896
108897 0.817370117473
528694 1.25762778124
335473 0.972551619299
25849 1.29646302922
99569 1.02879309429
190059 0.634564191033
244392 1.04391443355
385555 1.29206286743
305710 1.14880707366
205399 1.17153828922
78531 1.67084995816
36781 0.968404408579
384079 1.62672262011
237679 1.52734991596
255447 1.70641650258
280058 1.80321013505
130633 1.14972382674
208721 0.900317878221
140354 1.89357452987
48436 0.826460757232
630226 1.20628175594
637279 1.59780087108
534398 0.849883493819
335037 0.872233251799
40254 1.61327002979
117012 1.27867850268
531410 1.41906564285
312665 0.806012843308
266955 1.49254709322
466223 0.829074078837
246326 1.1386346433
334075 1.06474437614
358692 1.57273219367
69155 1.7564065505
96694 0.867518089725
145168 1.16336297006
644451 1.52282151945
156229 1.12213195878
81600 1.70886630717
223842 1.58613673023
274771 1.67607510958
328555 1.33674407887
105077 1.81389678812
153359 1.12136116262
648788 0.945614934353
618516 1.79896998066
406047 0.955921566754
192621 0.95851919925
469271 1.05133513673
658126 0.698393673773
268635 1.88104582808
215814 1.26535816792
471311 1.37216650676
457569 0.889591921734
199469 1.01206436244
304162 1.19798879798
534333 1.08606557177
505831 1.14855969353
520652 0.911720504087
652031 1.31407772152
421873 1.04458921038
367584 1.51461605655
211275 0.796042796253
603681 1.2083500308
688931 0.891943815161
410327 0.881345279724
398681 1.27093480813
634957 1.64833167354
265073 1.92038161982
441850 0.888445244478
482877 1.05009844165
694787 1.00011566494
706479 0.690808968525
618947 1.29821342659
702356 1.58326750688
698964 0.0656818281453
691041 1.41231528748
701069 0.892315688111
726293 1.6179069064
703845 0.9245261214
717319 1.52912470595
720647 1.01323441282
739984 0.451968048444
528414 1.768982574
537267 1.61899107409
287274 1.62732701892
559608 0.888790232492
577854 1.92428711583
583987 1.0382746966
523295 1.27840052017
589912 1.65929299312
604013 0.999406257918
96065 1.60504439721
609598 1.9996139219
48840 1.48702113553
241386 1.05688777598
95441 1.83603342766
27645 1.55110207389
314405 1.64578111299
149443 1.33409197886
352626 1.82584156027
290932 1.91011722293
130009 0.99422662364
372794 0.81006953288
564259 1.21242031428
80209 0.901196826628
241558 1.7306356873
14076 1.75752910044
123249 1.25487363694
36923 0.922554204705
28586 1.58618059545
624089 1.69243373164
61170 1.36983220173
237072 1.71893179043
93526 1.84741886407
185996 1.01027598758
99332 1.24526261548
192717 1.3654568212
336854 1.02856629348
183320 1.03450955863
350467 0.863152045513
186170 1.39154767391
97417 1.00009390719
333098 1.14560194901
174642 0.946519871825
476243 1.62061540874
531561 0.972215694523
185597 0.971501403539
245946 1.61482718669
373584 1.15696951039
226944 1.53537784323
639581 0.667280065662
320961 1.32498623497
357583 1.04211078565
103008 0.795135310245
394270 1.27926049569
529643 1.27825611333
225006 1.45280213925
625157 1.93294489616
640206 1.52600050327
641898 0.916902675956
157635 1.86004174304
208829 1.2574118766
290508 1.0469915159
537097 0.841765614206
226160 0.963035930981
294277 1.08275727604
566171 1.56705055046
122656 1.28540557318
310838 1.13258582134
647636 1.79936092397
249530 0.808062021567
396840 1.60852393606
313776 0.876453181882
420623 2.04318503332
478526 0.974923357822
300748 1.17170278785
117212 2.00966977517
323945 1.69518194597
689258 1.1038146176
196805 1.626181357
227691 1.79594132183
369280 1.65536006213
656423 0.916173297124
372452 1.48486623938
359711 1.63103914497
362958 1.69067946238
334558 1.80356020523
259287 1.42634061038
405022 0.916983628013
649364 1.55182638846
579376 1.61780163989
327462 1.58264873288
466865 1.8672767488
236753 1.60659766729
695408 1.14850112868
487552 3.78768478251
681554 1.94371014577
541109 1.36802340891
701651 1.24307997442
725650 1.56444205161
598058 1.68905850981
736793 0.721662613115
505254 1.01607073671
509725 0.689499372848
532433 0.966680088913
549977 0.863853335594
554379 0.958495481418
559314 1.79767185236
572908 1.82993714197
588950 1.16337804012
136707 1.72777610216
33777 1.78785329129
129527 1.13948899013
24910 0.85736840005
602301 1.88763653972
602782 1.31875985296
175991 1.61068981769
566589 0.924572756717
196924 1.46672022714
48958 0.949368579475
607008 1.10945111923
121138 1.02528273333
273618 1.09003371136
43502 0.919687920437
322727 0.947850755437
137733 1.06369295963
103688 0.935027138715
615556 0.898670709523
206708 1.77388750634
124281 1.0405397603
20640 2.00315297761
94690 0.964545515865
32665 1.45746821113
192525 0.72340771287
433388 1.51906019406
177837 1.90314960822
272657 1.26769581597
171910 1.50568285173
623527 1.62692030132
78536 1.65423599151
101308 1.35558336705
165876 1.83595051733
62652 1.16009951522
431842 1.53999306859
23029 1.59966997358
212785 1.28683478284
221055 1.12602691668
187779 1.02195647
351701 0.918511259978
425540 0.994118332037
359198 1.02379060714
82910 1.17630048995
229065 1.10163539899
294066 1.4278987321
334128 1.59146078898
531171 1.20113315382
150978 1.29374612645
93359 1.34466809885
77650 0.972782660779
71603 1.67858307297
160486 0.911471918136
596967 1.19790209028
114812 1.21359293061
315290 0.927760319253
171341 1.03079837561
111968 1.0355291447
374597 1.69189858244
435082 1.02126262934
505366 3.76498949934
403335 1.30852142397
423379 1.59930029506
136435 1.23600375025
293883 1.22773155249
466558 0.869477683942
358359 1.63312531003
650786 1.61258345776
200860 0.95168837201
615705 0.126538309255
668235 0.921106669871
653985 1.65307815093
479426 1.08986586525
401764 2.04993953532
663364 0.999011838026
211238 1.49860711469
418523 1.57446438039
452979 2.00826484961
572758 1.58510639538
389463 1.52757669323
664499 1.81058532033
485369 1.3345521732
304877 0.871455718375
433017 0.972770033457
642326 1.20324181576
197077 1.81823007436
269408 1.43670417394
493108 1.47748293263
662064 1.65544509603
706071 1.14708145707
700567 1.00785912059
715677 1.83939461628
715349 1.49127268437
733325 0.0586788160019
505973 0.673986072202
513276 1.56991068888
525398 0.628173392313
526866 1.81375450435
507 1.89348357593
331569 0.975584297014
582532 1.24115308008
584101 1.55439195698
586971 1.70210176873
512654 1.22991550415
275835 0.808894708023
598948 1.77932911523
35515 1.19030276435
177061 1.62301004143
610090 1.57044083003
496402 1.40851541986
60825 1.23991300507
63364 0.875914726186
372036 1.45291645463
292706 1.43197053757
243330 1.02944714629
21740 1.14646716268
144111 1.21230631642
326409 1.86747704376
622684 1.43916238918
572304 1.02381255496
123781 1.76376982601
242810 0.920207491285
351875 1.87274881764
551810 1.06777794439
194507 1.2338710908
268451 1.2554080512
158388 0.94010113683
245921 1.50119625801
331743 1.06156659219
486015 0.664850938004
62368 1.85418828717
263468 1.28361516561
34702 1.2248665728
422677 0.934600351946
268721 1.57857119098
543947 0.920517151808
615115 1.51431281397
116782 1.21491483466
198764 1.40042777983
463117 0.92049476325
349766 1.07923795949
505013 1.25868783148
33618 0.994917040732
97474 1.77486564969
204873 1.18080008474
42381 1.62353245088
200715 0.99509019567
211953 1.05877067559
182775 0.758568545255
294136 0.748838130019
297365 1.66061204549
291345 1.07612532266
541546 3.0600425516
355515 1.66513299385
166909 1.7519725746
283274 1.13301407228
178955 1.1157632883
43540 1.67867577121
304300 1.57558229841
364545 1.66044398828
471305 1.18603055387
572937 0.920359176502
326490 1.68881838094
350694 0.924034244025
422427 1.15847593171
342920 1.87675540772
670798 1.97417749846
656321 1.16410607201
174523 1.87101400092
298218 1.62810316549
662447 1.54267441709
661935 1.38067354804
692142 1.16110690572
396890 1.45304768954
713509 1.74753001736
523759 0.73255321539
231678 0.830687822272
280500 1.1985689028
448858 1.48418396385
716234 1.6501277981
569504 0.943895696109
631720 0.0321805664937
321937 1.46609268838
359918 1.64078856836
685709 1.64587203388
550591 0.951639508468
713106 1.21453499111
576903 0.845307635551
695183 1.34514355492
700297 0.889344549557
708885 1.06229094916
713322 1.60346404641
722707 1.83664946211
731780 0.87753762411
506170 0.144888660412
554158 1.2062209309
554543 0.896570853869
230574 0.892827318572
578255 1.3453131053
586301 1.78367042016
562324 1.85791755503
185665 1.23597853809
11952 1.03876847475
607712 0.732280301253
51930 2.20655074475
418237 1.10563651359
6993 1.88651020156
600997 1.03080262275
41788 0.974129471804
248506 1.56533255607
125414 1.07193328456
617845 0.562355241238
240630 1.28878774333
64707 1.17254274199
236597 1.68702786917
39773 1.35631931858
163778 1.30966475678
14984 1.13891394697
309774 1.21901146326
52519 1.49801439369
341619 1.80064726366
285210 0.848216489159
231643 0.848961686251
83969 1.71146688122
210908 1.84288121323
93661 1.81672103304
452657 1.75092949396
355375 3.63921351524
205502 0.847530869745
563522 1.11931012092
213382 1.51973049101
134879 1.73765322693
634787 2.05354998184
377154 0.891214278847
636719 1.50009287714
597073 0.622528721334
333626 1.2224507659
94666 0.945384605227
164994 1.43655894041
199693 1.93133430797
563883 0.997274593654
210990 1.75133003716
215456 1.40840755785
512112 0.882684477304
95772 0.899563284471
210579 1.23243471143
323308 0.612467203806
407886 0.967134715951
112561 1.76566817275
81110 0.978470921754
296847 1.79974968406
347830 0.842106680734
504293 0.886611130886
267542 1.80117705619
133098 1.01866625868
172209 1.49378023062
468107 1.60907043748
363997 1.71713043795
225103 1.03044221939
378547 0.910739665272
449119 1.19343123984
296601 1.4645646422
356617 1.00391064918
267970 1.07912009716
429790 0.897152255293
596072 0.782898513031
164109 1.87626949253
445198 1.50702945155
560389 1.64319690682
484738 1.45834075232
329617 1.50308568352
567533 1.60582215309
658229 0.997948512769
261641 1.60767489169
420178 2.03497859625
487715 1.12930125171
441607 1.80039484212
240051 0.818907936487
568547 1.57930785528
671856 1.04429121109
356766 0.890426648123
672756 1.0620102544
486603 1.71253024934
521993 0.802655585257
487333 1.88990417277
668859 1.3707429148
490597 1.42304446695
698762 1.6305877316
706013 0.536208698274
678937 1.10519390845
715100 1.33194771652
715024 1.35522066207
728829 1.55861040583
738323 1.23615412221
536971 1.3995398726
548389 0.810532091358
556616 1.35975558034
565644 1.88390086218
587605 1.37976548363
274422 0.633813704564
603253 1.18588614838
53514 1.07999329854
10129 1.00599562049
391164 1.06742473068
608185 1.04238165641
26289 1.64373802484
606743 0.923833563028
37024 1.15306365576
377163 1.55657735907
80887 1.29666977526
593086 0.706567904615
36216 1.69431839878
614374 1.34225689166
259397 0.850223291392
617362 0.412901122538
2671 1.30953442349
242526 1.05617487266
191655 0.870064634964
80039 1.76417840538
126816 1.30352074875
188661 1.43015252849
217089 1.1370236912
463538 1.04936815229
321087 1.51659161271
129276 2.08155076965
173609 1.18699421911
290221 0.821761976739
38315 1.41310827734
74668 0.894262193625
164048 1.09245500872
366736 0.642565311517
189847 1.07532759001
312698 1.61358291435
128016 1.38157812042
294742 1.1042670468
113470 1.3383613266
229894 1.2437964099
440504 1.52183144015
595491 1.0566333035
132357 0.847959880758
271797 1.12320928463
405716 1.65500584898
104420 1.75469799514
202930 1.3683752561
459651 1.36527569233
428216 2.04838554667
318451 1.10133207547
63592 0.963888192603
23403 0.915878301269
467992 1.229027755
241148 1.01849099763
212732 1.00151127704
101620 1.26225420705
279878 0.779933012975
690899 2.05466122509
343496 1.67187069164
526141 1.1069542767
72785 1.99216812078
201515 1.05107661856
421781 0.903110498576
326621 1.33368034053
202163 1.15599458878
295087 1.86070221484
466369 0.973080388987
348555 1.10172438739
91760 1.85001748611
330854 0.888232098811
170628 1.41317178878
452519 0.920081142964
653236 1.33065320938
324824 1.8759163977
154160 1.80547254251
463004 1.30442510271
658685 1.76617246026
381291 1.92061596448
667185 1.26724667174
593279 1.20970075129
684927 1.55565386783
260269 1.41046525119
675468 1.50838567497
714930 1.55500285117
684673 2.06323426345
336402 1.88623125024
688516 0.338567983635
448726 1.51754963888
704080 0.85062856197
690595 1.43646084127
740955 1.65288190726
611841 1.2974937665
672934 1.22433791898
522068 1.51110305322
713691 1.60351729904
719182 1.49013912947
734554 0.776759315984
543740 1.16361373355
540733 1.50641668844
573341 1.09715639431
576005 0.71217295599
580505 0.72872436838
32784 0.953133500591
580264 0.85006235518
588400 1.52927669345
163994 1.15043740591
105914 1.79927639298
118377 1.21655873484
127224 1.0985021983
12206 1.7525782534
32316 1.70683044136
136304 1.89246229209
241372 1.03040157247
385798 1.19167298887
31225 1.15792459463
158441 1.30350768032
70317 0.944345025077
85067 1.71668178955
555530 1.04589728906
81351 0.754090572305
121494 1.55882462004
235678 0.882574768197
271039 1.00951865686
157206 1.61004875328
397491 1.48893833338
209924 0.138383741821
230615 1.00966848588
70710 1.45587284451
37281 3.42920979823
268545 1.23133045793
238688 1.70351492595
456804 0.959076093639
184835 1.85831334854
173617 1.28846057798
327760 1.00807299822
82775 1.61381838695
312355 1.12448655677
154852 1.72769386846
140102 1.58520771992
234987 0.839182830076
304599 1.52978558689
302400 0.952046379202
110035 1.18351363256
182977 0.453832062345
475129 0.946956737963
348852 2.02951115515
326558 1.91655331664
219005 1.71208320635
125301 1.13602805245
133363 1.91425569511
436866 1.71669147636
245877 1.8144231782
239018 0.987435058361
692013 1.12650328035
95366 0.97547184384
224943 1.56565882407
312233 1.39890948165
364656 1.00548164573
370332 1.34311138451
615683 1.13076608567
422314 0.998808989842
333837 1.78888107938
360123 1.74237648143
457353 1.90400299988
283702 1.28863416054
358482 0.998256550429
482475 0.920828098078
195888 1.41668489246
290733 1.64770425716
655328 1.31882321763
412086 0.819887458055
340926 1.19698667185
454275 0.775305006624
661059 1.98268280127
341896 0.857929193795
667109 1.49723433223
670783 1.07963092442
335213 1.80173567924
701709 1.10281591063
484170 1.31144360812
483627 1.64287404147
681101 1.85453081293
682384 1.26070832299
519641 1.17716205003
673737 1.63139278318
671357 1.3281485613
603377 1.04748321529
599030 1.71196373291
414848 1.22093899757
695712 1.48111522375
699706 0.762719390618
708946 0.99430861158
701282 1.49078091822
716988 0.95426250855
715210 1.02770975259
729437 1.77720940396
741397 1.65389571079
513582 0.994312993364
519874 1.18521114761
529516 0.770558811077
532451 1.4186340415
553880 1.08210761809
566995 1.18822479046
580012 0.411294787886
583511 0.682355425666
586557 1.68087048114
587709 0.92225530923
160505 1.39833980188
591822 1.0176823107
7612 1.88374588749
25555 1.51294762592
77883 1.3584262071
530294 1.30517547769
228344 0.970150444968
17086 1.06008839862
63990 1.59720217364
613961 2.8125363209
42355 16.4434075948
84109 1.03874950153
37138 1.69468908957
318513 1.13619735528
36873 1.59474200237
133088 1.56493863884
109134 1.43289858601
40940 2.02170393275
224520 1.56061933249
281617 1.75073181479
118641 0.994731241581
117561 1.0054329905
42150 1.7150748851
441067 0.863957302463
67450 1.05642025022
196571 1.22324859366
643847 1.90400267467
638477 0.664629458762
51410 0.863517828484
265301 0.760652342083
323767 1.14300372549
180119 1.41127622942
339320 1.33218963685
191473 1.90461226433
63550 1.40741304664
442952 1.5956446563
378849 1.56138921937
641304 0.976126987142
209984 1.22747388541
343471 1.89818767255
424422 1.16694330861
549080 1.30400717122
647974 0.783827415153
303487 1.37048565762
328655 1.63882280837
391911 1.10071614739
676487 0.609489970413
406437 1.09821577369
332216 1.9559555537
397424 0.755589995363
397702 1.13191705987
691259 1.47736500439
248881 1.93153349655
697628 1.47522580227
164059 1.18345902994
605767 1.30067828136
592801 1.79622394227
310825 1.38864157079
484571 0.396147850038
474056 1.16502139619
657426 1.12309693
452764 1.83173676568
465717 1.23614411012
372915 1.59852697335
546576 0.865194711271
483825 0.869182998541
665082 1.17457568833
643530 1.18867318214
420761 1.17363478543
633920 0.994222855287
663656 0.670628067887
667787 0.936954149735
508989 0.649435589245
669527 1.88390714815
677027 0.886349203743
339255 1.00813093161
244906 1.04996802849
711583 0.851496964296
682932 0.846012845654
625481 1.54949582997
680257 1.14011729678
680339 1.92173557677
489557 1.06498965562
671272 1.50704611332
653615 1.69418861219
692746 1.20450996316
441210 0.923883907928
698451 0.928743055152
567950 0.762681227439
728124 0.551605814848
