510765 1.51922936431
524736 1.14515796831
527510 1.32990811216
528527 1.763641621
549276 1.78162874745
560555 1.72146981471
219639 0.687988018869
568004 1.45281661168
572252 1.86041654946
578298 1.36561431864
11066 0.105026362118
598998 1.86406039111
2793 2.06582921857
605250 0.71024608561
605638 1.76286077695
53936 0.960854759501
607358 1.8229814579
302140 0.816937868657
101541 1.20128306453
2191 1.79737582098
146109 1.39923578701
33820 1.24441184447
75762 1.09230209022
146008 0.945473385886
55920 1.9384019914
242679 1.72677963216
205945 0.944007012112
159303 0.914653815359
214994 1.78286324143
113662 1.78588023674
49765 1.17163091539
48716 1.52073580253
78922 1.00860179483
78389 1.61633860839
65232 3.80972334755
140591 1.83383937978
645859 0.95442165751
343945 1.66980593006
60839 0.981558771758
631132 0.08462573251
164972 1.33594037167
290938 1.35338378922
236191 0.914622673273
166271 1.09282015128
206891 1.73283005679
41343 1.7957236529
111002 0.683205068407
178952 0.842596589727
636471 1.58156865632
638137 1.07316473816
172545 1.15484175569
394758 1.80795557815
384947 1.46910967636
254517 1.08855818222
75926 1.23723253179
250000 1.46723398264
201569 1.21698731366
239912 0.962487869539
126729 1.34476036507
428716 1.58225611681
644433 1.42908010924
320386 1.10557110793
232830 0.902403216212
340591 1.81876805681
224635 1.62836446516
133879 1.52812832108
402536 1.23390458405
726114 1.50000349468
252735 1.71962872688
422603 0.97430532732
209166 1.11548762072
289569 1.30039614705
451931 1.0589524357
312664 1.66117770766
156653 1.79084813272
429018 1.70534677066
659992 1.82320950166
429649 1.58242186782
565697 1.05229042259
658812 1.81082428199
660583 1.81031782072
663231 0.914836312364
464606 0.82659389323
507018 0.943005337223
666752 0.89391960788
332343 1.16827170034
312508 0.981164776197
462753 1.57810389454
547137 1.23982444986
492898 0.710835729251
449585 1.38944508284
471032 0.924007079066
464285 1.45429743084
487081 1.67907162454
698697 1.549304933
717164 1.74895183781
716320 0.711012987841
728845 1.47819398438
733263 0.838246510905
734487 1.48235431402
501203 0.782225071572
513030 1.79759726915
517540 0.996281428777
536384 1.05370734684
539886 1.78212846011
481670 1.14109030793
8740 1.87250619391
573532 1.00299542053
592475 1.2569646685
522358 1.12663102686
53047 1.06837427844
98915 1.41048415917
547962 0.856168223621
83990 0.69478438116
171136 1.08371450898
345701 1.8669787593
280747 1.11642446301
88544 1.36794427345
54904 1.70553925883
113520 0.899935572071
122095 0.962455833715
53785 1.20092009556
373823 0.987702250293
165842 1.51260928284
171332 1.80739513384
178813 1.19212620303
503961 0.806556055597
225906 1.09103298608
328140 1.08889357061
45277 1.28538682516
183931 1.1616606848
127333 1.73376318262
37601 0.818787821017
389902 1.86602629747
403225 1.03692201661
388739 1.86976020801
23205 1.28190568422
297754 1.69882232945
82858 1.66841176773
346163 1.75321319351
439480 0.859091504774
88039 1.83070735284
307063 1.1525846429
268335 0.89177074561
376581 1.27792931405
410328 1.06465476174
170075 1.5541672109
170056 1.74048199054
167808 1.39357676134
211141 1.09431794207
64261 1.18037758744
276580 1.50530270741
240331 0.961447382136
179242 1.59184713167
292322 1.55394915073
246969 1.80707870716
469319 0.765545018906
436061 3.56108841396
158142 1.76189403059
32029 0.86582505315
603758 1.54996808601
482518 1.01219948445
306902 0.989812114993
435071 0.99700995532
135736 0.781217709688
385831 1.57997263295
89125 1.55580432589
656459 1.09658743325
227975 1.7351006495
596405 0.973881338149
200307 1.60897543797
145255 1.27409153477
305753 0.881186412384
436982 0.955968925042
663112 1.30146911372
414908 1.27217044569
403173 1.72829134104
655279 0.0445780560905
396039 1.81653762708
79663 1.03455256402
302131 1.61542783845
470167 0.724325755153
520451 1.40708483307
660628 0.822723325382
739042 1.89729888674
317051 2.1937069741
454865 1.85687913133
450357 0.925365557581
510655 1.44678323058
720950 1.85721864088
472371 0.902602239023
710454 1.11393541617
687352 1.22719804807
548134 0.763968461994
493817 1.25616136172
483662 0.224928868021
706381 1.07155226956
579395 0.943360027121
722267 1.20606082294
739468 0.705447052797
540992 1.08838561286
555020 0.811832636134
555012 1.23674842521
585135 1.5274100873
585393 1.12594755716
595701 1.28677722679
330567 1.08634362056
145126 0.997841752236
43280 1.19485039033
545488 1.15442439313
467355 1.25606420106
532724 1.13072743389
105115 1.46341080557
611585 1.14351905672
30358 1.13877009887
74833 1.05619046115
184106 0.992597666614
39821 0.938409930744
339820 0.852980489449
489299 1.63217492895
248622 1.48778604939
90180 1.60321786359
56812 1.33303221615
142296 1.27251642107
246254 2.00452556262
92127 1.95462446868
179810 1.13015740606
209343 0.764191246147
248748 1.65599938686
120003 1.04788708847
88589 1.17433835398
90727 1.6403946437
81091 1.18606116537
149508 1.34242272496
290661 1.73846799211
263297 1.02422435888
367025 1.7495651465
170022 1.80173084925
281318 2.09266076576
50732 1.33545669632
259321 1.70996942712
13584 1.71554091609
341256 1.87150963596
102969 0.914253033631
372653 1.51394324066
147600 1.38403729766
119350 1.29774441391
95925 1.27007713784
74019 0.854776900976
61374 0.779964442767
145217 1.27269064692
189357 0.914719873432
462417 1.97740445905
114863 1.38626984856
170517 1.14526315752
267580 1.76145209966
400380 1.10341998102
348513 1.2662015287
290226 1.78259689613
220073 0.925602438578
149907 0.972221387796
475010 0.98060256707
511972 0.854157236836
477048 1.54396917125
382050 1.11556325257
294792 1.54037135662
302013 1.10241003177
470170 1.49012295734
470492 1.29030691426
523879 1.48142006971
425039 3.35430000565
483125 1.47841797864
323562 1.49568950152
657167 1.6379677406
415511 1.06253554242
701192 1.86237036772
366445 1.46997835226
257525 1.11594645777
446403 1.56975871081
405506 1.06315146136
645552 1.57427843869
668935 1.67681433694
697006 0.972931830326
510665 1.03370860927
335225 1.65765554719
593640 0.807716264532
676503 1.43876712044
660631 0.796087035986
376589 1.8602252993
484707 1.05591954273
675061 1.65901446113
592777 1.62420904874
392293 1.05927270275
473390 1.76994482735
698139 0.598470424058
699873 1.36218826284
686309 1.77546010612
719951 1.1792900979
726663 0.865259501244
739236 0.336948796492
523268 1.27132314754
547450 1.27044179671
461955 0.943572680673
578700 1.31625734585
578570 0.883754726125
579008 0.432640876593
602919 0.822041547975
33152 1.05843901254
104973 0.828845365761
103405 0.952293521161
175673 2.08322044358
341147 1.10990607266
111924 0.721202735973
36498 0.959382562641
37136 1.66710537513
17759 1.22700435414
508819 1.55357903838
16017 1.35984330172
346612 1.11934172865
159895 1.11603865592
116478 1.76416393144
258965 1.16459124316
118007 1.13294754494
371597 0.917919688748
333014 1.00160829432
105525 1.36783500991
164501 0.864689306232
320668 1.03451973413
240089 0.831352307346
128263 1.0668147562
214985 1.77208456291
621058 1.57101745611
623114 1.36045080149
238036 0.856218088328
153208 1.18540162045
110701 1.14968331011
351187 1.26672236598
22898 1.58642130391
197546 0.846139066212
53759 0.846291298569
69005 1.24501923129
66757 1.0750616235
296714 1.13755977744
479880 1.86895739179
621454 0.752576242524
168522 1.0965805645
650312 1.5532034845
196040 1.93228320716
527199 1.55722160717
515302 1.41416130942
258766 1.80009839877
151341 1.69885645423
296476 1.60061363568
221209 1.14046277544
422044 0.899896879132
247700 1.06043240558
67876 1.11609293805
228683 1.42160836573
219788 0.83125805096
470630 0.929726246202
151075 1.18430445019
210736 0.871233394495
129137 3.60272866506
384208 1.99071269014
642705 1.70028805675
226360 0.982449752841
92812 0.961778592314
675327 1.35230827152
410805 1.09286006594
116056 1.2250550833
256846 1.35220537401
125711 0.993155839473
400866 1.78813678801
507631 0.925962241337
651822 1.1271127346
343635 1.11400845755
713039 0.959084842634
420785 1.03667254664
721115 0.925648604032
240654 1.54413789192
542692 37.3278267047
238716 1.77474262062
465771 1.55226930027
659850 1.82617684413
174893 1.27258035365
519311 0.982660895376
669365 1.56070403122
666672 1.07613384075
538560 1.20461772166
405748 1.9878503307
727720 1.40887245118
535539 1.08394075499
698309 1.39257056579
705411 1.63955946945
691315 3.6426587403
686914 1.50088182614
695990 1.1649345857
445773 1.13203689268
729490 0.0617741829669
741374 1.68006370135
515432 1.68565376978
537452 0.872379161973
547985 1.16665487067
560414 1.20187652868
580475 0.781701700572
583971 1.11436541917
35556 1.10957096205
540668 0.966168704535
592988 0.545488878006
31703 1.60920632254
15959 1.53807607974
147469 1.13187191945
27969 1.33805338818
215729 1.11712864403
319778 0.88253910335
614778 1.22579867441
148694 1.19785703355
434140 0.704348701902
446825 0.556235316981
427401 1.32008488512
533858 1.49361788254
75195 1.31021282708
1221 0.115790384624
277346 0.741648001048
109911 1.60662804626
221186 1.30703124591
90827 1.48257733273
68753 1.43474754974
626858 1.12836151857
620793 1.6535269266
377406 1.21512344593
134855 1.28251728024
24594 1.15335608969
734150 1.54685865136
22921 0.986484932145
629685 1.25587400064
205064 0.822083074687
402965 0.847779374197
227237 1.00417325334
219268 1.62139601827
49755 1.12545856015
224431 1.26632219913
292813 1.20298869062
319366 1.20878204652
44805 1.09171239031
141373 2.06871916026
282824 1.97767688379
170169 1.80705105599
361708 1.09269900512
259938 1.75364903887
642854 1.05168312477
339457 1.37516579368
263245 1.06167107468
248886 1.09977236573
52283 1.01585194227
305769 1.92526781062
370692 1.23812189276
564572 1.18437934434
619971 0.889090325323
102194 0.939222962038
419527 1.64720516834
152873 0.935292712566
230604 0.988538373786
278698 1.47849270828
474991 1.73601520268
477489 1.38878406792
311208 1.1321638388
259174 0.871996622024
290709 1.65039855269
667671 0.904871939032
285418 0.725027019694
296989 0.952509344031
438551 1.69773530197
193957 0.999199414539
335046 0.69405884389
264394 0.936023011079
656576 0.319676516144
424115 1.50698912179
131316 1.85929230794
661336 1.52082488965
668077 1.89431006456
421675 1.84183584647
404490 1.245480639
598544 1.96646697652
457322 0.912041582191
643344 1.50004720719
409354 1.03439058936
671700 1.25174977945
694514 1.09580763782
651054 0.214280279896
676722 1.5615602897
698235 0.951692712486
720479 1.72819758239
713975 0.817643384815
709865 1.53263592834
719521 0.706931704581
741079 1.39100886523
731240 1.33570358245
733474 1.38921650032
740234 0.937730893103
500813 0.774275962494
517666 1.16404106439
526322 1.15206076128
527024 1.47508582778
552619 1.03076783983
568419 0.940922237831
124236 0.887357128179
590770 1.23320677407
594054 1.08677215297
3917 1.33484321674
477416 1.04190773664
79909 1.84606998223
92704 1.2010471533
606784 1.72250312584
118149 1.27523772324
45695 1.61792202763
35663 1.06458530684
40564 1.30128765167
619222 0.922678824299
25302 1.92947654774
212957 0.827899352979
106480 1.07075110425
2558 0.877580950495
130165 1.33469738619
301439 1.53309021463
618231 0.41612477456
140666 1.60533298691
90805 1.91489124019
91638 1.41404595179
43020 1.31485326626
557437 1.66549417769
376091 0.933742691377
618052 0.0148601887657
43169 1.24652179526
47475 1.01885863993
310907 0.871837140914
56961 1.50576785001
232654 1.33804362819
117589 1.14674911802
140224 1.65931573294
66697 1.07838884157
65997 1.34124530071
84318 0.992599442032
532199 1.52154531672
33674 1.37408958226
316344 1.33873796733
247915 1.62594660946
110517 1.26007706979
438698 0.886581277822
365474 0.74208865068
215486 1.29266317175
118287 0.947245365155
105887 1.20148101372
172704 1.39758738255
325119 1.25716268539
146801 1.69953810168
344623 1.04039554364
69882 1.57734428533
26006 0.847697473081
368922 0.955767788934
554873 0.774679981324
288892 0.872926424022
115241 1.12797714619
232766 0.926718979805
561644 1.0976085996
481694 1.3467495627
331581 0.854598952015
433310 1.25981314936
559354 1.59630812933
265036 1.60298415699
355049 0.911316729308
192834 1.62001847035
201690 1.9613281302
233415 1.47060350184
416004 0.758047529268
619718 0.562083782569
509164 1.48868908658
435942 1.9252589572
362102 1.0430202788
612501 0.93410283291
630753 1.40693794837
659371 0.962832039792
663672 0.457603657392
353620 1.47673177583
480266 1.14105678213
610442 1.640355754
449229 1.1076129269
331223 1.87352157064
673510 1.46246149445
674903 1.28927185381
394844 1.14066095721
446932 0.923121484025
668980 1.02619096576
451892 1.04659485242
695565 1.87299596696
696712 0.941574691837
728849 0.962742941231
734468 1.07425209239
739291 0.681620022401
740672 0.536946282997
506382 0.659982054265
536532 1.04039736521
539083 0.681366201259
541115 0.935177562257
546085 1.57482933832
585404 1.04226707798
586783 1.56846116978
529249 0.0460733218126
588677 0.756608475747
573488 3.60190532795
3781 1.61676024565
41623 1.0646643441
3591 1.65362639885
236827 1.46336789622
163803 1.07655815104
137279 1.01873729098
49526 1.51174979242
177712 1.02020092375
253563 1.00774932668
212191 1.63417658779
303846 2.10369528192
174851 1.13222489382
132472 1.13118252968
202624 1.60021444227
12201 1.21770516068
144302 1.1642957114
120564 1.10180472992
474427 1.18399444642
92003 1.91994403549
85411 1.51485947426
284321 1.90305441023
366995 1.25017440004
634722 1.06197958478
163690 0.847755274224
191263 1.17898686712
489659 1.56799265989
407218 1.71180516637
384756 1.9824572368
116238 3.7529460323
94554 1.1311447566
454004 1.10973588381
416012 1.05893227996
42281 1.6199278202
115595 1.24652630675
132551 1.06025361941
218721 1.53902086183
353522 1.5070524022
175778 1.27129201882
526988 1.30802344957
58278 0.936832577724
372997 1.74645716676
84274 1.04368455279
256545 1.5425471111
489942 1.55640323658
241429 0.985132470166
479794 1.62285374848
427110 1.24821742705
404131 0.866133364215
375863 1.49730903301
391476 0.743430996968
252629 1.12668676348
174110 0.984600506503
331944 1.14000597065
550158 1.12610598349
369208 1.60524045095
224898 1.27036166048
650766 1.51609353957
651799 1.79096935516
481515 1.05684979573
389190 1.85936267561
358857 1.63935732008
336685 1.25082164637
413680 1.094513759
366033 1.52145818711
492816 1.12777617824
650888 1.5145397982
283669 1.07463221239
357638 1.24262978052
455487 1.77848463257
350200 1.31682531659
485790 1.71943210056
353361 3.62424482804
671414 0.857578873272
311578 1.02309390103
437781 1.95263217862
199820 0.943705901839
684645 1.00711985535
628306 0.961054566472
667747 0.929348222694
408071 1.82911132165
727564 1.67063491167
617162 1.49991128313
696106 0.815722723561
714931 0.994411628383
489858 1.55368897848
634023 0.942573430165
732414 2.0045394822
717856 1.80854381578
721216 1.43021814995
724250 1.51989769516
539212 1.81595098156
574338 1.80651776709
112927 0.935780263067
506010 0.871398894245
576563 0.0163650694809
582577 1.17103036073
77173 0.9577106995
49650 1.63339055533
12770 1.06523302637
361971 0.803299103978
204717 1.50038707143
346521 1.48141867585
133141 0.87920100389
103986 0.928516345158
84682 1.60168792974
57136 0.870338171271
99754 1.54366648776
39600 1.06957407533
386042 1.02396916318
294515 1.85240171626
182190 0.968424779244
28800 0.969347239597
290800 1.56863101911
355814 3.62533937537
237971 1.39200979135
309129 1.26494362525
83293 1.85616275808
53754 1.11409401397
97800 1.01912007302
432585 1.05173466848
230857 1.40243807073
122614 1.07041317478
261231 2.01183919894
284768 1.53500342905
433863 1.12772359938
271641 1.12822572277
95784 1.09329344406
70650 1.23369724464
324927 0.776643694825
638112 0.82508322982
285274 0.907313766483
229360 0.838568949045
539653 0.635498060065
635209 0.846576854475
210885 1.0216255684
187245 1.70663998153
287578 1.31311021083
353034 1.46416855917
136018 1.59110857655
308002 0.701124417235
130753 1.12607932423
607893 1.19400046588
89732 0.75703345746
294321 1.549722709
211690 1.12798660292
271536 1.15700699628
400551 0.961638938956
565762 1.58568649335
465387 1.13054185712
303983 1.10863478766
256010 1.23352881037
396403 1.11090472568
309838 0.994847477599
385095 1.39823832806
397696 1.67910223163
176549 1.83000010547
350183 2.23066204183
320762 1.2472554795
346932 1.29913048896
361794 1.53246103425
478393 1.55664757387
362644 0.968916836296
277687 1.75155538475
304055 1.07025394165
328329 1.49461375681
667371 0.721798728344
648295 1.17037933145
128887 1.77836832115
669442 0.580500097553
670621 0.799931000181
403020 1.22328535653
705662 0.837015179077
727606 1.8289361595
689883 1.21447133459
671724 1.01004371693
416482 1.62769242026
700716 0.902710813407
483648 1.51375133926
690733 1.20772913414
248703 0.815760645271
697185 0.683276693453
449050 1.92730904851
560645 1.15187527878
614032 1.39161744719
484062 1.55396568271
700707 1.6810481799
704465 1.29599506964
703446 0.919246431584
729471 1.0219525235
736216 1.31021453136
505207 1.34774144316
524784 1.80649144065
534212 1.44975344176
539185 0.87207092099
530602 1.40653946235
570518 0.997219341348
1843 1.16936305271
583306 1.28755390819
590755 0.640405018021
591879 1.25095444256
589199 1.61572814811
355188 1.44155858285
596548 1.54353695383
29607 0.907867190151
600816 1.26419637155
102526 0.905565211072
82139 0.773581562228
58313 1.75911894219
130751 1.02564341212
412155 0.888926416231
610890 1.0646911656
357063 0.554836909168
55044 1.46850231363
7693 1.21895672268
556693 1.33207346633
83385 1.89061211652
300969 1.8318552938
111060 1.61711141646
58829 1.51774754685
79868 1.09420315261
141260 1.68110498815
143289 1.17750935945
81919 1.44142990047
347433 1.36466263358
295775 0.797360474986
547862 1.65997654175
26992 1.84283219926
423936 1.09646767588
117221 0.992597164665
621495 0.819792815473
324977 1.07488313046
103383 0.97528082828
164438 0.837313081485
265737 1.29153058167
150303 1.55392311694
292778 1.32136296428
368394 0.954362679544
157386 1.42883736458
2974 0.998363957512
84517 1.25955277426
244009 1.79487230948
273283 1.93937735698
339706 1.00299150296
541982 1.74675134964
360512 1.08481513587
200653 1.00172559884
323800 0.899327106054
383973 1.52536562005
386912 1.07057178509
165102 1.78657380145
194110 0.894906864842
218468 1.7667887772
641252 1.37011119669
362038 1.1872004216
167743 1.2093431045
540900 1.75777394284
220398 1.37015589867
476294 1.32042097283
92400 0.693141527454
233266 1.05807783381
435007 0.848270871341
233020 1.75339000146
307108 0.951722174121
657375 1.25955796703
333738 0.953882469165
376616 1.66857848029
356568 1.12404675939
612508 0.947644176097
458820 0.902314660451
333832 1.92986365327
494995 1.00137178058
389810 3.4882951914
721459 0.728147463173
666129 1.53810722922
663996 1.25202544864
654622 0.759904893371
523515 1.03033522176
247191 1.33216833036
448538 1.39254571046
669926 1.21868466719
362797 1.16867333979
396174 1.65553734906
696636 0.981106749192
657640 0.867394135078
695006 1.05560923588
710609 1.3266584484
741442 1.00485338565
721290 1.70875300158
735533 0.817568734406
733701 0.726784052518
505041 0.743418236341
519398 1.0991248215
520964 0.906124184656
558180 1.44681384706
576378 1.13642544588
579150 1.04453224973
588415 1.33203721008
593694 1.6329927949
1554 1.12985830493
428757 1.40166268405
603139 0.942138137991
77120 1.20239602179
8583 1.66717973765
5837 1.59800932256
66932 1.28466476139
91065 1.39229292278
5597 0.92449986135
613901 1.68399939326
4609 1.78167789974
16591 0.665792463633
249602 1.82425943617
144277 1.0538808446
533607 0.264287332194
82051 1.69741909093
73969 1.89017670792
81698 0.97206797273
275398 1.93235509886
362387 1.73725492176
16597 1.51876614936
139296 1.13528306395
179411 1.83211644204
150645 1.76038250132
625638 0.0639566390829
92424 0.868026162605
267750 1.4043245577
46903 1.22294495746
304040 1.13381304461
155967 0.931038606645
110904 1.51720142315
97107 1.66368379001
489913 0.854272335033
315214 0.884057515951
109408 1.3918160696
161167 1.35194574801
39124 1.81596315988
98003 0.977836006416
170139 1.64977334628
608095 1.88169440665
350114 1.63098600653
329268 0.751208439671
391473 1.33179748653
513138 1.25655429577
129017 1.55332119859
233808 1.5029368998
225333 0.561320776793
321010 1.69613480891
215911 1.16782744927
243456 1.46336346739
212167 1.3733449807
251748 0.849348763773
442227 0.925472601009
607474 0.584559395292
569781 1.89013442523
156483 1.30310877634
189797 1.70324711219
60684 0.951307696282
138698 0.951532106772
183573 0.989450556058
386285 1.26809304256
466199 0.888339357201
425158 1.4338646109
68045 1.43229474514
275699 1.20166611815
150304 1.40273763656
477638 1.56757284287
372681 1.51040703628
474019 0.850084878655
90188 1.34408051906
413636 1.46004597296
680810 1.41261200025
411259 1.27609865891
322648 1.31148225542
233653 1.6890878334
687849 1.48733657358
664833 1.00852404156
589569 0.770545259926
683519 1.04828769194
441872 0.889492892585
688717 1.30413223223
474536 0.503590781523
696189 1.19157247187
411449 1.83205762491
656496 0.912509579268
701166 1.44143769726
703310 1.11804309764
692509 0.901187792866
720603 1.40636968162
725299 0.656844841762
730991 1.66749952732
732448 1.31296239624
514201 1.48412589334
557735 0.547161063186
562420 0.613939458199
8376 2.281858136
116573 0.935724604079
552118 0.55866112372
253874 1.01968977248
608328 0.87152731105
187249 1.29435555878
132969 1.32228492195
24030 1.76263248826
611598 0.061978153578
365214 1.12873710023
224220 0.942546847076
618014 0.888894240794
18018 1.13336111492
326846 0.808909075988
430924 0.997972807637
167704 1.09270463779
399100 1.85375547592
545818 1.33006502163
103743 1.44605457781
95076 1.13494841281
545994 0.709183071167
309032 1.12898103397
199853 0.849245874015
165278 1.03765035586
627413 1.23581643494
49284 1.05197123455
47857 1.87548848479
628284 0.580620739099
629258 1.66295009169
29096 1.08867479041
83393 1.38188703338
91605 1.78628313323
35395 0.931754331274
639325 0.672964978564
204943 1.03407224655
104755 1.56671215992
100319 1.00793460234
117071 1.61056725638
470044 1.61970423798
636283 1.33506509361
244424 1.71886705143
239948 1.35463990628
23315 1.73819159928
445801 2.01806201774
377647 1.68722528961
170814 1.48356662555
387279 1.53522592764
141338 0.83253612723
212605 1.63809054801
531098 1.27040398491
292397 1.11828567378
326242 1.34683985874
310280 0.710330640476
351063 1.351704079
413006 1.9930942659
170265 0.82241739674
339024 1.82103733587
180063 1.39506018358
109053 1.02932341519
375585 1.59760920483
271083 1.5083306156
399629 0.934305518997
406176 1.25187962141
163984 1.19611521774
275307 0.997242802025
425240 1.73089070871
326724 1.1784906346
437861 0.768851772652
680814 1.21557088361
441260 1.58101646639
184159 0.967095901279
355128 1.41603030185
637753 1.68072498049
487027 2.063524238
310286 1.38334878359
402466 1.61641662248
452868 0.861828130434
464392 1.68365283639
667059 1.13961653915
315888 1.63421666907
400625 1.27678776288
673004 1.39970355427
684747 1.49332279116
686103 1.08938145496
419187 1.61702370473
689802 1.83768835099
448354 1.47111693663
365292 1.55514564198
690632 0.88185895713
462660 1.46408056904
722792 1.15082410307
487359 1.89050198381
705017 1.66365372332
677773 1.75638201475
703719 1.6536255222
703183 1.53330244672
730587 1.76604119631
503197 1.24385053174
517711 0.728580551606
539965 0.965274735503
553406 3.74534277679
562897 0.934195242133
567841 1.11806381437
573004 2.00269721274
579065 0.960329903269
1523 1.04458844356
236686 1.36297110862
357540 0.90535806276
595163 0.65124725799
26939 1.24830609331
542111 0.981281654039
13338 1.47867228622
205565 1.96109915115
7605 2.0207254419
604486 1.03695075862
611855 1.75049491751
53730 1.07930985475
612340 1.77226861526
478351 1.48259365361
50704 1.06650989438
314032 0.835773054535
46205 1.23308313587
262257 1.3183370447
54849 0.990102340236
18573 1.57177474517
370074 0.933287938506
309541 1.54706534857
44651 1.04357518906
196438 1.02887644116
60256 2.05318592716
54109 1.50943080544
480948 0.952915683187
70774 1.68839023178
36668 1.41926440984
120412 1.11681818187
163213 0.964675772966
218611 1.20866327067
263140 1.08009416047
376245 1.05512488001
95893 1.23665369747
252223 0.804020817582
287854 1.29396750954
389826 3.21225665566
635218 1.72322842699
241023 1.16524645528
311598 1.03998852035
461961 0.856575084254
568553 1.10622709244
636773 1.04098558647
54443 0.925076364908
629241 0.211790476963
359018 0.715330261547
435436 0.980923276029
348390 1.17438246206
362427 0.900415210694
204159 1.74551534568
626810 0.845157449284
299630 1.4036489448
271333 1.65443861009
182336 1.33352919131
145023 1.25200402722
360517 0.828648875783
206424 1.01771780289
243142 1.89670603966
424544 0.997900346717
375171 1.25332799983
312402 2.01280944969
481492 0.906975977268
352633 0.852076135615
324266 1.72407554545
230653 1.3541870496
263248 1.34355002302
368492 1.82983056174
234597 1.13705204275
631902 1.84456996833
425662 0.924932492426
648867 1.19589451708
189823 1.59946666209
318382 1.11908961671
249442 1.76620872011
648227 1.63080346912
445255 2.00468897551
664315 1.13109090937
461588 1.29527757843
267869 1.56125660314
404563 1.81409286779
443722 0.972479299667
656660 1.50398291298
699427 1.2080890879
688754 1.14861373005
681370 1.0457420622
322833 1.14984303252
473855 0.955153271725
682939 1.68081327628
460892 2.07536306283
591456 0.702165631283
729048 1.89715429715
530404 0.938298545075
532485 1.65626820656
537056 1.52420100549
557053 1.13840305598
154634 0.912833728178
180582 1.13663116343
588936 1.82995045435
590087 1.02445395732
530358 1.05444766096
601389 1.89211176226
227157 0.834308266112
11516 1.04421738415
31079 1.77150718013
612654 1.2867708154
12407 1.12590362082
111820 1.84569170018
62935 0.951375472146
40149 1.75189787215
27866 1.59585220491
56578 0.937780269442
297496 0.833588420132
165646 1.66408369708
47930 1.80755745716
22374 1.81077831678
108561 1.83778832044
625453 1.06353889433
41912 1.1509307806
53532 0.709836163837
409438 1.22973704621
111000 1.90676631751
205107 1.0598781224
294071 1.76488787108
286346 2.00378632853
615542 34.135941238
222722 1.29739037435
124534 0.845452077229
350161 1.50387991068
638106 0.740119107055
132363 1.32171339044
175220 1.22524796498
343852 1.43296514636
377491 1.75087428611
101201 0.784457177603
206747 1.74004947176
351988 1.99356582175
29650 1.00024381621
73470 2.09479659741
128983 1.65261348235
523560 1.18123055598
267577 1.84648722541
340891 0.994638050152
368550 1.56435711703
407399 1.22159377521
650723 1.89112693635
431000 1.34484290472
23391 1.12613751625
408789 1.80789733881
407749 0.740029827057
348136 1.4105883814
302635 1.17270538243
639334 1.29730801175
466216 0.718492365651
430635 0.89912091455
526846 0.913018124598
428895 1.34438751445
463112 0.934379831505
266215 0.994695010898
491182 0.925950111643
469266 1.29673026029
366292 1.03235991005
158298 1.11488061279
426264 1.23991209986
662182 1.64774560134
663332 1.51422532183
201498 0.848745146444
666940 1.61315147301
258402 1.55834058436
330746 1.86487682753
695568 1.16412085581
221470 1.62437946336
441557 1.24535190177
639279 1.8010740332
714788 0.958153339421
380941 1.9320208363
379482 1.91284170259
412480 1.07535052944
573242 1.87915912533
494006 1.10602482751
685628 0.989729265988
693699 1.59636951572
493333 1.87237462902
690672 1.1587035851
631354 0.977308000378
736060 1.35008452713
713608 1.28565307553
711331 0.854416222217
713983 1.11081072986
719649 1.05500421668
643817 0.568566218594
723162 1.89404338992
514398 0.781307804888
558939 1.52308621635
204 1.20076290978
571877 0.875420314782
149910 1.82792501882
579898 0.684845382841
585853 0.857316452631
589019 1.00540257227
528284 1.16349977191
29554 1.73358431015
602396 1.66042411282
49213 0.913910530071
475545 1.10016114409
53872 0.861890899916
315862 1.38097850727
434454 0.767769149867
431039 1.2161334562
13454 1.2784739597
255766 0.875939470344
17277 0.973916297385
526844 0.934756020021
396238 0.867530287345
386037 1.12463702606
102357 0.945932959516
6828 1.12598279788
31829 1.89961027963
95203 1.23011008818
342818 1.19718349202
506866 0.85331329217
232046 0.831013097089
627121 1.1760848573
38457 2.10224125513
66454 0.828633089018
339005 2.08045599275
74225 1.45707606562
456244 0.890423957483
152331 1.89362830829
208275 1.0677693306
630933 1.09419094717
78985 1.36388248866
633316 1.48018247005
284739 1.42852471395
408162 1.00846064774
574000 0.742539299227
633486 1.00048549089
635011 1.27846745346
290130 0.779529418546
104169 1.78071445804
211839 1.78673492367
93700 1.34006981383
155113 1.26259907974
635225 1.03032827902
430337 1.81175167963
276689 0.794074357426
59671 0.900089066987
125088 1.13589793513
120519 1.20155837303
241522 1.1239869413
569371 1.60314176292
114496 1.36717974016
140358 1.62361940883
98204 1.10256571239
399736 1.36515463581
466664 1.52286282005
608046 1.13615657965
436010 2.00889259573
241940 1.10575014262
346966 1.33537418452
478123 1.73112909754
451168 1.76448933017
401780 1.10464207941
300423 1.08882546861
247184 1.31165662029
592874 0.878059132065
404575 1.37381256001
276388 1.95810577285
433812 1.65180493364
319638 1.40278793885
727974 0.810488102554
449966 0.826085730327
154385 1.0595182442
455706 1.94219461465
416542 1.91254311948
483145 1.4759336768
470977 0.810009927133
685020 0.804296657579
687722 1.73901207865
713783 0.890845425198
495050 1.42474463602
487799 0.887619088365
685019 1.77096437286
484376 1.49013410838
725504 1.07963206095
705355 1.00552378667
713514 1.16166496049
721296 1.57508040734
682247 1.74531826544
719424 1.03961803612
731891 0.818436920734
731561 0.880238533446
509147 0.896910980605
527849 1.7473103696
536224 1.84031377332
549547 0.807977192447
559355 0.928796403731
32057 1.15909444875
576587 1.69778598469
585266 1.27920116203
585301 0.965771803632
526335 1.11078170433
589308 1.52813742728
590229 1.19988222996
591465 1.66892972562
591711 1.88371417932
544743 1.05689183464
74991 1.22881881736
5217 0.9856782111
54521 1.7696791679
606648 0.899330322865
56789 1.67609176894
384782 1.05557991897
53884 1.3172587101
289690 0.875833682233
82202 0.892138874163
244066 1.63028363949
247489 1.32395546971
250095 1.67398646925
242621 1.34418178612
620152 3.19776702947
30628 1.7213645487
186659 0.892806769604
43746 1.00968184767
195983 1.71240935739
344300 1.07648152807
272244 1.23898711713
71571 1.59088557357
630352 1.38168251048
526385 0.822120811481
605896 1.89750730081
283757 1.06221082348
73758 1.99782025694
367950 1.09720384554
92772 1.32428968764
89008 0.690794779118
171359 1.52739167753
463167 1.07253315312
352982 1.43999449283
64140 1.08672006538
207674 1.09527692958
282655 1.09334384648
4008 0.912918842926
113701 1.95246969596
363770 0.899212631487
295133 1.33634843093
128496 0.982090622123
131338 1.85404995597
268863 1.06093020336
299759 1.70491196519
553705 1.29970768968
213184 0.738703966708
243022 0.902901102384
185991 0.954406567355
150260 0.983867768806
459596 0.833400635777
303057 1.50881723702
373835 1.47660222002
387499 1.72091561606
321349 0.942141170567
132386 1.19176621967
230354 1.36317217957
417396 1.6466473368
214360 1.32063470046
295014 1.63607942019
339575 1.75914307294
214504 0.778491859476
278974 1.02562917712
653704 1.66919144213
630930 1.29785200479
421513 1.09750344383
490688 1.46331645925
657418 1.33086243345
396100 1.77900934308
512985 1.90408387093
427227 1.3213051831
428930 1.9192425935
519773 0.697389119377
686739 1.13405932743
312359 1.35011557954
664530 1.84518195918
665704 0.160529711904
362398 1.9336469359
175126 1.07692945459
615281 1.3105980077
362974 1.28466338279
415657 0.902629378749
695597 1.60863495657
688317 1.27961867581
691554 0.874034829192
701493 1.20753869207
717363 2.06342630439
552410 0.706678451999
566609 1.54389029613
568306 0.690203111592
35450 1.06009495214
577922 1.49040909377
586955 2.01190068149
136590 1.47340100775
14767 0.807299122356
50923 1.47931807038
185199 1.80647655208
391364 1.91954016775
612099 1.1007542503
19259 0.958698322451
202859 1.22811403287
9978 1.71082444201
122403 1.02224400574
91536 1.83328248773
527496 1.06812149941
88541 1.40193908811
76282 1.07145255713
616948 0.808748831966
69006 1.41207165496
103208 0.900648085719
30744 1.82141331959
110913 1.45699218201
485844 1.60265621452
44636 1.02911242424
242109 0.800531956739
360765 0.842888589748
113599 1.38823238015
134894 1.14814936606
166628 1.2476613113
386625 1.29408529685
256128 1.50306014662
431285 1.18976413767
50120 1.16265461715
293187 0.996908650563
634495 1.72785810855
275171 1.14146611084
212122 1.38241949092
152392 0.922815798569
82142 1.11561293733
376184 1.13811358119
637521 1.22401751457
448992 1.94880770875
89919 1.76237392002
160506 1.51358306214
75593 1.26989979079
612904 0.95861575581
247448 1.04995423202
131251 1.8411212342
396760 1.33096583211
353212 3.6432686708
82162 1.01516198937
382643 0.756262233069
213519 0.90055008232
155170 1.64034915063
409359 0.961559258972
82490 1.80509699649
116037 1.38245165656
230821 1.12169161647
88702 0.975624294559
276055 1.32209982148
646664 0.821261918173
601734 1.23614647933
385088 1.64737296679
129378 1.75687530558
344106 1.22967542384
342638 1.0299920101
573505 1.12690052265
473049 1.98910046906
224531 1.41895455983
445981 1.50865644293
365530 1.7347241961
234587 0.836251331819
230531 0.859120133648
222602 1.49869829455
213095 1.28879806717
448109 0.556069048787
543934 0.867754008601
601327 1.11011562987
513983 1.68407463904
266199 1.11753081934
84632 1.27735781758
470254 1.09514690464
212029 1.14695892476
233242 1.10874229544
667826 2.01007526855
462393 1.85584036343
666396 1.58926292098
727057 0.831320681208
644296 0.786180921777
524335 1.00740030764
469537 0.882028895362
669096 1.27406580314
714197 1.66263857676
724596 0.844519310784
722013 1.2099832092
735635 1.66148243991
742194 0.828882034593
509277 0.99150986822
508628 0.648349808805
514459 1.66283622728
528704 1.93971800208
529656 1.06905918572
551520 1.10772119339
333763 1.05339178913
569717 0.92687798418
507103 0.724624547563
585863 1.16069822518
65546 1.00526089639
87402 1.12535308685
196736 1.62579280254
144832 1.68678177611
231848 0.869073105423
276584 1.50823585927
20757 1.14192372833
115315 1.811374602
604881 0.846767988848
11301 1.67199359981
73350 0.928102479436
31194 0.916062901506
267083 0.879197272273
109629 1.83416191273
286883 1.51066822907
86139 1.61661051433
238584 1.12703591193
378649 1.0183792355
435103 1.07371956577
155959 1.90688692913
128407 1.20257308627
481158 1.00072503179
227089 0.820276740402
77674 1.4715209114
347508 1.06870356889
316766 0.983395080785
393649 0.868152923666
348087 1.49912640721
47864 1.76388755089
197395 1.66857088667
221395 1.7727286994
511432 1.03081769549
225493 1.02284333865
501266 1.30319955452
596331 1.14263040807
183265 0.922579783837
62824 1.23717536175
571722 1.08147819226
194667 0.933142088179
383728 2.06317244666
194080 0.811165792433
640763 0.680310269175
296857 1.4944461364
455324 1.44957650904
331042 1.84416003171
643281 0.997415836729
304394 1.67277191717
257174 1.27924135375
190519 0.64497659877
376440 1.11331235212
248873 1.38535225159
239540 1.1608868087
669997 0.873531937811
116121 1.17074069644
115091 1.31096210173
416318 1.05708085548
526214 1.1901478051
309761 1.06770316702
420842 0.943062284003
425932 1.37407173366
421898 1.53876178344
398383 0.984199527744
607659 1.12438005505
197237 1.91790124449
456792 1.20329917506
396027 1.4260316506
448086 1.88871906481
660570 1.05581942799
405982 1.3301545372
608380 0.772385103197
448319 1.26121748998
668365 1.84008803374
473080 3.68483161277
693785 0.863118954428
679400 1.84607616415
669787 1.50876012538
708899 1.55519239214
688940 0.771126132817
691321 1.63805539225
627868 0.886826787271
640995 0.712459318262
681470 1.41790758426
558313 0.773931130156
705388 1.00914958928
627310 0.981377972258
707733 0.925690507701
717760 1.66679389975
731623 1.55055457709
736257 1.42575750269
739422 1.72430217382
531351 0.915789343129
535086 1.67257893783
566404 1.7211135566
578656 1.29079160591
585271 0.722720614821
457 1.58593016349
1346 1.23314251019
54564 1.82007313015
44707 1.1735098193
608618 0.932702638894
33968 0.967434735226
246940 0.832803245104
73061 1.10085498922
116575 0.979199825812
185091 1.26163413444
86640 1.17442791751
205558 1.77900763535
17922 1.17988237448
235891 1.2297698129
301569 1.89110252671
86805 0.8153750706
125894 1.21949881389
104263 1.64576299653
246308 1.44707502289
152205 0.843736490542
201535 1.6763522879
185327 1.81245290278
378145 1.16998128466
628562 1.04572834046
291749 1.27412710095
344471 0.812997603771
542192 1.12803368768
472224 1.80802969
249362 1.86846183312
198280 1.12605088136
236810 1.95950691194
343490 1.26632160653
570111 0.718357017625
167453 1.17347626119
322941 0.957709423699
157795 1.46764297023
250032 1.90591165018
483737 0.81434203016
475299 0.896699714736
415297 1.04458646191
40984 1.86563290286
339212 1.36911713032
429956 1.80618873585
331622 1.51645361116
254331 1.72950443656
237078 1.71017980865
471360 1.19267671676
329548 1.52521901559
44559 1.56893070339
217781 1.3444921087
147273 1.1660378165
316864 0.88315824902
399620 1.42294856618
302979 1.33637803761
287023 1.44571098583
99763 1.12317993075
651219 1.39453403238
221072 1.28957502601
272667 1.21655438123
655332 1.17336049968
406112 1.3897579257
485274 1.50781801682
471297 1.27087909309
411459 1.59603256449
472426 1.50526635873
454134 0.962976062405
667219 1.06137367021
457278 1.79063470117
668564 1.73180839094
464204 1.59669245409
496194 1.89929807855
331213 2.00378590485
125904 0.824667440767
313819 1.17381929146
347780 1.30402974008
683273 1.67681901003
476935 1.06346101577
190324 0.742638324006
557898 1.58377859016
492612 1.64055726969
324271 1.88979772902
710588 1.1190486094
702182 0.893194924272
696194 1.19553131254
697326 0.987027892499
442010 1.57996413
702587 1.65054267382
704599 0.642003505924
689404 1.04248964358
709094 1.91713867845
717339 0.81170333122
721574 0.840997088025
735060 1.03676362707
737071 1.24386547748
740251 1.70257904903
512584 0.774659127468
515255 1.01907599771
520655 0.854551825736
524874 0.774945978335
541076 1.265645673
541568 0.0635359392182
548591 1.34218822134
581195 1.20877783707
582113 1.59912409876
582923 1.08573398663
7395 0.868451836196
589579 1.07430662845
598843 1.67153430713
599238 1.00857789008
600821 1.87760539436
95328 1.68623471215
564144 1.15420896345
20273 0.855915901948
115069 2.59390540772
3615 1.6638089066
138020 1.03407286585
612537 1.71887531241
209337 1.66708634785
13944 1.13465631258
64047 1.18120572531
384261 1.50373139378
12629 1.11895096678
156440 1.16612441476
618583 1.66075904206
107365 1.09286964833
514478 1.66527910623
98122 0.871009765948
93205 1.09963620773
531571 0.785427399339
106292 1.03794394807
55081 1.07220789281
26672 1.06657897028
85047 0.798827525546
68893 1.70536206125
161621 1.32811290484
480897 0.598289285822
260866 1.68642086074
459712 0.973443865357
299417 0.746567474766
49923 1.33448480846
213437 1.01476837116
147629 0.858551862827
38823 1.73831057489
196910 1.70801388147
260456 1.2149216546
397576 0.999031452742
106522 1.00651201929
31065 1.58482536077
147810 1.74532629841
539569 1.03114588398
613909 1.61297068416
210549 0.990766221143
185050 0.889633076026
61757 1.20176170403
229882 1.6653040845
210149 2.1011818534
445415 1.62318375899
14035 1.45219395262
400135 0.97098082161
645716 0.985192167271
331290 1.73288475883
301538 1.65827829857
158161 0.904768053392
284471 1.40040051349
415016 1.86939956516
490881 1.49102928333
141882 0.960692162128
526221 0.824417691058
439641 1.45317662679
397665 0.839300244954
421938 1.92738790858
224624 1.6901483421
266190 1.11623775426
441973 1.47806654584
681320 1.53331951143
440167 1.00218275236
452152 1.88341035035
668643 1.82852720094
610677 1.13758238361
455113 1.62902882434
677366 1.67329064899
493325 1.64408733734
685965 0.243230099686
340985 0.963762351019
488694 1.13644392876
494612 1.1791149004
487856 1.77542383735
446583 1.71721667791
491916 1.17620866962
482451 1.92361595845
715387 1.27172653074
720435 0.937824951097
727282 0.719158490834
732042 0.806877878808
737760 1.65914237088
506367 0.556553873367
532786 1.65767897975
537032 0.784858626113
567603 0.0140767644124
300054 1.61796319659
590176 2.07576603694
108635 0.971447837096
58172 1.43105070175
530745 1.10867451937
378309 1.03569530118
176004 1.17089900078
596492 1.15649956586
88456 1.59017493355
25905 0.990792795439
135241 1.67026288938
57430 1.17110375794
4547 1.46802498896
108897 0.817370117473
528694 1.25762778124
335473 0.972551619299
25849 1.29646302922
99569 1.02879309429
190059 0.634564191033
244392 1.04391443355
385555 1.29206286743
305710 1.14880707366
205399 1.17153828922
78531 1.67084995816
36781 0.968404408579
384079 1.62672262011
237679 1.52734991596
255447 1.70641650258
280058 1.80321013505
130633 1.14972382674
208721 0.900317878221
140354 1.89357452987
48436 0.826460757232
630226 1.20628175594
637279 1.59780087108
534398 0.849883493819
335037 0.872233251799
40254 1.61327002979
117012 1.27867850268
531410 1.41906564285
312665 0.806012843308
266955 1.49254709322
466223 0.829074078837
246326 1.1386346433
334075 1.06474437614
358692 1.57273219367
69155 1.7564065505
96694 0.867518089725
145168 1.16336297006
644451 1.52282151945
156229 1.12213195878
81600 1.70886630717
223842 1.58613673023
274771 1.67607510958
328555 1.33674407887
105077 1.81389678812
153359 1.12136116262
648788 0.945614934353
618516 1.79896998066
406047 0.955921566754
192621 0.95851919925
469271 1.05133513673
658126 0.698393673773
268635 1.88104582808
215814 1.26535816792
471311 1.37216650676
457569 0.889591921734
199469 1.01206436244
304162 1.19798879798
534333 1.08606557177
505831 1.14855969353
520652 0.911720504087
652031 1.31407772152
421873 1.04458921038
367584 1.51461605655
211275 0.796042796253
603681 1.2083500308
688931 0.891943815161
410327 0.881345279724
398681 1.27093480813
634957 1.64833167354
265073 1.92038161982
441850 0.888445244478
482877 1.05009844165
694787 1.00011566494
706479 0.690808968525
618947 1.29821342659
702356 1.58326750688
698964 0.0656818281453
691041 1.41231528748
701069 0.892315688111
726293 1.6179069064
703845 0.9245261214
717319 1.52912470595
720647 1.01323441282
739984 0.451968048444
528414 1.768982574
537267 1.61899107409
287274 1.62732701892
559608 0.888790232492
577854 1.92428711583
583987 1.0382746966
523295 1.27840052017
589912 1.65929299312
604013 0.999406257918
96065 1.60504439721
609598 1.9996139219
48840 1.48702113553
241386 1.05688777598
95441 1.83603342766
27645 1.55110207389
314405 1.64578111299
149443 1.33409197886
352626 1.82584156027
290932 1.91011722293
130009 0.99422662364
372794 0.81006953288
564259 1.21242031428
80209 0.901196826628
241558 1.7306356873
14076 1.75752910044
123249 1.25487363694
36923 0.922554204705
28586 1.58618059545
624089 1.69243373164
61170 1.36983220173
237072 1.71893179043
93526 1.84741886407
185996 1.01027598758
99332 1.24526261548
192717 1.3654568212
336854 1.02856629348
183320 1.03450955863
350467 0.863152045513
186170 1.39154767391
97417 1.00009390719
333098 1.14560194901
174642 0.946519871825
476243 1.62061540874
531561 0.972215694523
185597 0.971501403539
245946 1.61482718669
373584 1.15696951039
226944 1.53537784323
639581 0.667280065662
320961 1.32498623497
357583 1.04211078565
103008 0.795135310245
394270 1.27926049569
529643 1.27825611333
225006 1.45280213925
625157 1.93294489616
640206 1.52600050327
641898 0.916902675956
157635 1.86004174304
208829 1.2574118766
290508 1.0469915159
537097 0.841765614206
226160 0.963035930981
294277 1.08275727604
566171 1.56705055046
122656 1.28540557318
310838 1.13258582134
647636 1.79936092397
249530 0.808062021567
396840 1.60852393606
313776 0.876453181882
420623 2.04318503332
478526 0.974923357822
300748 1.17170278785
117212 2.00966977517
323945 1.69518194597
689258 1.1038146176
196805 1.626181357
227691 1.79594132183
369280 1.65536006213
656423 0.916173297124
372452 1.48486623938
359711 1.63103914497
362958 1.69067946238
334558 1.80356020523
259287 1.42634061038
405022 0.916983628013
649364 1.55182638846
579376 1.61780163989
327462 1.58264873288
466865 1.8672767488
236753 1.60659766729
695408 1.14850112868
487552 3.78768478251
681554 1.94371014577
541109 1.36802340891
701651 1.24307997442
725650 1.56444205161
598058 1.68905850981
736793 0.721662613115
505254 1.01607073671
509725 0.689499372848
532433 0.966680088913
549977 0.863853335594
554379 0.958495481418
559314 1.79767185236
572908 1.82993714197
588950 1.16337804012
136707 1.72777610216
33777 1.78785329129
129527 1.13948899013
24910 0.85736840005
602301 1.88763653972
602782 1.31875985296
175991 1.61068981769
566589 0.924572756717
196924 1.46672022714
48958 0.949368579475
607008 1.10945111923
121138 1.02528273333
273618 1.09003371136
43502 0.919687920437
322727 0.947850755437
137733 1.06369295963
103688 0.935027138715
615556 0.898670709523
206708 1.77388750634
124281 1.0405397603
20640 2.00315297761
94690 0.964545515865
32665 1.45746821113
192525 0.72340771287
433388 1.51906019406
177837 1.90314960822
272657 1.26769581597
171910 1.50568285173
623527 1.62692030132
78536 1.65423599151
101308 1.35558336705
165876 1.83595051733
62652 1.16009951522
431842 1.53999306859
23029 1.59966997358
212785 1.28683478284
221055 1.12602691668
187779 1.02195647
351701 0.918511259978
425540 0.994118332037
359198 1.02379060714
82910 1.17630048995
229065 1.10163539899
294066 1.4278987321
334128 1.59146078898
531171 1.20113315382
150978 1.29374612645
93359 1.34466809885
77650 0.972782660779
71603 1.67858307297
160486 0.911471918136
596967 1.19790209028
114812 1.21359293061
315290 0.927760319253
171341 1.03079837561
111968 1.0355291447
374597 1.69189858244
435082 1.02126262934
505366 3.76498949934
403335 1.30852142397
423379 1.59930029506
136435 1.23600375025
293883 1.22773155249
466558 0.869477683942
358359 1.63312531003
650786 1.61258345776
200860 0.95168837201
615705 0.126538309255
668235 0.921106669871
653985 1.65307815093
479426 1.08986586525
401764 2.04993953532
663364 0.999011838026
211238 1.49860711469
418523 1.57446438039
452979 2.00826484961
572758 1.58510639538
389463 1.52757669323
664499 1.81058532033
485369 1.3345521732
304877 0.871455718375
433017 0.972770033457
642326 1.20324181576
197077 1.81823007436
269408 1.43670417394
493108 1.47748293263
662064 1.65544509603
706071 1.14708145707
700567 1.00785912059
715677 1.83939461628
715349 1.49127268437
733325 0.0586788160019
505973 0.673986072202
513276 1.56991068888
525398 0.628173392313
526866 1.81375450435
507 1.89348357593
331569 0.975584297014
582532 1.24115308008
584101 1.55439195698
586971 1.70210176873
512654 1.22991550415
275835 0.808894708023
598948 1.77932911523
35515 1.19030276435
177061 1.62301004143
610090 1.57044083003
496402 1.40851541986
60825 1.23991300507
63364 0.875914726186
372036 1.45291645463
292706 1.43197053757
243330 1.02944714629
21740 1.14646716268
144111 1.21230631642
326409 1.86747704376
622684 1.43916238918
572304 1.02381255496
123781 1.76376982601
242810 0.920207491285
351875 1.87274881764
551810 1.06777794439
194507 1.2338710908
268451 1.2554080512
158388 0.94010113683
245921 1.50119625801
331743 1.06156659219
486015 0.664850938004
62368 1.85418828717
263468 1.28361516561
34702 1.2248665728
422677 0.934600351946
268721 1.57857119098
543947 0.920517151808
615115 1.51431281397
116782 1.21491483466
198764 1.40042777983
463117 0.92049476325
349766 1.07923795949
505013 1.25868783148
33618 0.994917040732
97474 1.77486564969
204873 1.18080008474
42381 1.62353245088
200715 0.99509019567
211953 1.05877067559
182775 0.758568545255
294136 0.748838130019
297365 1.66061204549
291345 1.07612532266
541546 3.0600425516
355515 1.66513299385
166909 1.7519725746
283274 1.13301407228
178955 1.1157632883
43540 1.67867577121
304300 1.57558229841
364545 1.66044398828
471305 1.18603055387
572937 0.920359176502
326490 1.68881838094
350694 0.924034244025
422427 1.15847593171
342920 1.87675540772
670798 1.97417749846
656321 1.16410607201
174523 1.87101400092
298218 1.62810316549
662447 1.54267441709
661935 1.38067354804
692142 1.16110690572
396890 1.45304768954
713509 1.74753001736
523759 0.73255321539
231678 0.830687822272
280500 1.1985689028
448858 1.48418396385
716234 1.6501277981
569504 0.943895696109
631720 0.0321805664937
321937 1.46609268838
359918 1.64078856836
685709 1.64587203388
550591 0.951639508468
713106 1.21453499111
576903 0.845307635551
695183 1.34514355492
700297 0.889344549557
708885 1.06229094916
713322 1.60346404641
722707 1.83664946211
731780 0.87753762411
506170 0.144888660412
554158 1.2062209309
554543 0.896570853869
230574 0.892827318572
578255 1.3453131053
586301 1.78367042016
562324 1.85791755503
185665 1.23597853809
11952 1.03876847475
607712 0.732280301253
51930 2.20655074475
418237 1.10563651359
6993 1.88651020156
600997 1.03080262275
41788 0.974129471804
248506 1.56533255607
125414 1.07193328456
617845 0.562355241238
240630 1.28878774333
64707 1.17254274199
236597 1.68702786917
39773 1.35631931858
163778 1.30966475678
14984 1.13891394697
309774 1.21901146326
52519 1.49801439369
341619 1.80064726366
285210 0.848216489159
231643 0.848961686251
83969 1.71146688122
210908 1.84288121323
93661 1.81672103304
452657 1.75092949396
355375 3.63921351524
205502 0.847530869745
563522 1.11931012092
213382 1.51973049101
134879 1.73765322693
634787 2.05354998184
377154 0.891214278847
636719 1.50009287714
597073 0.622528721334
333626 1.2224507659
94666 0.945384605227
164994 1.43655894041
199693 1.93133430797
563883 0.997274593654
210990 1.75133003716
215456 1.40840755785
512112 0.882684477304
95772 0.899563284471
210579 1.23243471143
323308 0.612467203806
407886 0.967134715951
112561 1.76566817275
81110 0.978470921754
296847 1.79974968406
347830 0.842106680734
504293 0.886611130886
267542 1.80117705619
133098 1.01866625868
172209 1.49378023062
468107 1.60907043748
363997 1.71713043795
225103 1.03044221939
378547 0.910739665272
449119 1.19343123984
296601 1.4645646422
356617 1.00391064918
267970 1.07912009716
429790 0.897152255293
596072 0.782898513031
164109 1.87626949253
445198 1.50702945155
560389 1.64319690682
484738 1.45834075232
329617 1.50308568352
567533 1.60582215309
658229 0.997948512769
261641 1.60767489169
420178 2.03497859625
487715 1.12930125171
441607 1.80039484212
240051 0.818907936487
568547 1.57930785528
671856 1.04429121109
356766 0.890426648123
672756 1.0620102544
486603 1.71253024934
521993 0.802655585257
487333 1.88990417277
668859 1.3707429148
490597 1.42304446695
698762 1.6305877316
706013 0.536208698274
678937 1.10519390845
715100 1.33194771652
715024 1.35522066207
728829 1.55861040583
738323 1.23615412221
536971 1.3995398726
548389 0.810532091358
556616 1.35975558034
565644 1.88390086218
587605 1.37976548363
274422 0.633813704564
603253 1.18588614838
53514 1.07999329854
10129 1.00599562049
391164 1.06742473068
608185 1.04238165641
26289 1.64373802484
606743 0.923833563028
37024 1.15306365576
377163 1.55657735907
80887 1.29666977526
593086 0.706567904615
36216 1.69431839878
614374 1.34225689166
259397 0.850223291392
617362 0.412901122538
2671 1.30953442349
242526 1.05617487266
191655 0.870064634964
80039 1.76417840538
126816 1.30352074875
188661 1.43015252849
217089 1.1370236912
463538 1.04936815229
321087 1.51659161271
129276 2.08155076965
173609 1.18699421911
290221 0.821761976739
38315 1.41310827734
74668 0.894262193625
164048 1.09245500872
366736 0.642565311517
189847 1.07532759001
312698 1.61358291435
128016 1.38157812042
294742 1.1042670468
113470 1.3383613266
229894 1.2437964099
440504 1.52183144015
595491 1.0566333035
132357 0.847959880758
271797 1.12320928463
405716 1.65500584898
104420 1.75469799514
202930 1.3683752561
459651 1.36527569233
428216 2.04838554667
318451 1.10133207547
63592 0.963888192603
23403 0.915878301269
467992 1.229027755
241148 1.01849099763
212732 1.00151127704
101620 1.26225420705
279878 0.779933012975
690899 2.05466122509
343496 1.67187069164
526141 1.1069542767
72785 1.99216812078
201515 1.05107661856
421781 0.903110498576
326621 1.33368034053
202163 1.15599458878
295087 1.86070221484
466369 0.973080388987
348555 1.10172438739
91760 1.85001748611
330854 0.888232098811
170628 1.41317178878
452519 0.920081142964
653236 1.33065320938
324824 1.8759163977
154160 1.80547254251
463004 1.30442510271
658685 1.76617246026
381291 1.92061596448
667185 1.26724667174
593279 1.20970075129
684927 1.55565386783
260269 1.41046525119
675468 1.50838567497
714930 1.55500285117
684673 2.06323426345
336402 1.88623125024
688516 0.338567983635
448726 1.51754963888
704080 0.85062856197
690595 1.43646084127
740955 1.65288190726
611841 1.2974937665
672934 1.22433791898
522068 1.51110305322
713691 1.60351729904
719182 1.49013912947
734554 0.776759315984
543740 1.16361373355
540733 1.50641668844
573341 1.09715639431
576005 0.71217295599
580505 0.72872436838
32784 0.953133500591
580264 0.85006235518
588400 1.52927669345
163994 1.15043740591
105914 1.79927639298
118377 1.21655873484
127224 1.0985021983
12206 1.7525782534
32316 1.70683044136
136304 1.89246229209
241372 1.03040157247
385798 1.19167298887
31225 1.15792459463
158441 1.30350768032
70317 0.944345025077
85067 1.71668178955
555530 1.04589728906
81351 0.754090572305
121494 1.55882462004
235678 0.882574768197
271039 1.00951865686
157206 1.61004875328
397491 1.48893833338
209924 0.138383741821
230615 1.00966848588
70710 1.45587284451
37281 3.42920979823
268545 1.23133045793
238688 1.70351492595
456804 0.959076093639
184835 1.85831334854
173617 1.28846057798
327760 1.00807299822
82775 1.61381838695
312355 1.12448655677
154852 1.72769386846
140102 1.58520771992
234987 0.839182830076
304599 1.52978558689
302400 0.952046379202
110035 1.18351363256
182977 0.453832062345
475129 0.946956737963
348852 2.02951115515
326558 1.91655331664
219005 1.71208320635
125301 1.13602805245
133363 1.91425569511
436866 1.71669147636
245877 1.8144231782
239018 0.987435058361
692013 1.12650328035
95366 0.97547184384
224943 1.56565882407
312233 1.39890948165
364656 1.00548164573
370332 1.34311138451
615683 1.13076608567
422314 0.998808989842
333837 1.78888107938
360123 1.74237648143
457353 1.90400299988
283702 1.28863416054
358482 0.998256550429
482475 0.920828098078
195888 1.41668489246
290733 1.64770425716
655328 1.31882321763
412086 0.819887458055
340926 1.19698667185
454275 0.775305006624
661059 1.98268280127
341896 0.857929193795
667109 1.49723433223
670783 1.07963092442
335213 1.80173567924
701709 1.10281591063
484170 1.31144360812
483627 1.64287404147
681101 1.85453081293
682384 1.26070832299
519641 1.17716205003
673737 1.63139278318
671357 1.3281485613
603377 1.04748321529
599030 1.71196373291
414848 1.22093899757
695712 1.48111522375
699706 0.762719390618
708946 0.99430861158
701282 1.49078091822
716988 0.95426250855
715210 1.02770975259
729437 1.77720940396
741397 1.65389571079
513582 0.994312993364
519874 1.18521114761
529516 0.770558811077
532451 1.4186340415
553880 1.08210761809
566995 1.18822479046
580012 0.411294787886
583511 0.682355425666
586557 1.68087048114
587709 0.92225530923
160505 1.39833980188
591822 1.0176823107
7612 1.88374588749
25555 1.51294762592
77883 1.3584262071
530294 1.30517547769
228344 0.970150444968
17086 1.06008839862
63990 1.59720217364
613961 2.8125363209
42355 16.4434075948
84109 1.03874950153
37138 1.69468908957
318513 1.13619735528
36873 1.59474200237
133088 1.56493863884
109134 1.43289858601
40940 2.02170393275
224520 1.56061933249
281617 1.75073181479
118641 0.994731241581
117561 1.0054329905
42150 1.7150748851
441067 0.863957302463
67450 1.05642025022
196571 1.22324859366
643847 1.90400267467
638477 0.664629458762
51410 0.863517828484
265301 0.760652342083
323767 1.14300372549
180119 1.41127622942
339320 1.33218963685
191473 1.90461226433
63550 1.40741304664
442952 1.5956446563
378849 1.56138921937
641304 0.976126987142
209984 1.22747388541
343471 1.89818767255
424422 1.16694330861
549080 1.30400717122
647974 0.783827415153
303487 1.37048565762
328655 1.63882280837
391911 1.10071614739
676487 0.609489970413
406437 1.09821577369
332216 1.9559555537
397424 0.755589995363
397702 1.13191705987
691259 1.47736500439
248881 1.93153349655
697628 1.47522580227
164059 1.18345902994
605767 1.30067828136
592801 1.79622394227
310825 1.38864157079
484571 0.396147850038
474056 1.16502139619
657426 1.12309693
452764 1.83173676568
465717 1.23614411012
372915 1.59852697335
546576 0.865194711271
483825 0.869182998541
665082 1.17457568833
643530 1.18867318214
420761 1.17363478543
633920 0.994222855287
663656 0.670628067887
667787 0.936954149735
508989 0.649435589245
669527 1.88390714815
677027 0.886349203743
339255 1.00813093161
244906 1.04996802849
711583 0.851496964296
682932 0.846012845654
625481 1.54949582997
680257 1.14011729678
680339 1.92173557677
489557 1.06498965562
671272 1.50704611332
653615 1.69418861219
692746 1.20450996316
441210 0.923883907928
698451 0.928743055152
567950 0.762681227439
728124 0.551605814848
501187 0.179823268734
502673 1.35028112091
502843 0.497516581065
521646 1.06743598432
530141 0.0947220930079
530972 0.909276267946
532874 1.51067988916
553542 1.68709028532
29502 1.14012753284
598171 0.853768659281
601183 1.09648244003
568700 3.29323213557
195320 1.48444911388
169281 1.18563055568
120395 1.20037227442
86985 0.931016425977
181515 1.20880140858
152930 0.905936756121
59425 1.14036658589
212568 1.735654835
189679 0.842612478088
252999 1.04162665007
79243 0.845809051337
38728 1.00904197867
79852 1.37195257373
115523 0.822241331608
208365 1.6247719956
259867 1.18829763103
112164 0.80221019724
84102 1.06211858319
42992 1.18951626215
14664 1.95008619649
250831 1.62130285712
196816 1.41928446653
65928 1.05376855637
129915 0.855082896645
242602 1.09419231589
259750 1.42722572139
521556 0.599791503359
38359 1.08783189937
316885 1.33722253056
316795 1.32127257788
147418 1.51611625097
163526 1.62697977567
216266 1.74836615373
136253 1.15149677725
256780 1.23133639331
121345 1.42065930134
641879 1.6260405657
230266 1.33411128097
254279 1.945795436
486564 1.5006425546
149962 1.21380442849
404716 2.00736632293
424071 1.41299415615
677097 34.8182169962
367418 1.79762561299
202768 1.01129061114
555674 0.81644745481
206440 1.27014789344
669037 0.877133351148
650972 1.39950846279
471427 1.30233169103
658259 0.82027936419
375793 1.44293787227
695950 1.33158664533
145604 0.89558058682
227703 1.55729327853
654892 0.854321047946
464348 1.65994660285
415427 1.85214082584
405782 1.93642661871
228129 1.58926055535
487354 1.78209098839
398767 1.58696075019
248736 1.36235672953
420185 1.66324407281
406818 0.892113234814
503780 0.941930624223
433541 1.87774769632
374069 1.02434330746
491230 1.13210865422
482608 1.10307656195
479024 1.80785518842
669977 1.23764388745
482460 0.761083972863
318281 1.47052712863
420726 3.53902557954
671407 1.12181619151
485244 1.20134733556
725468 1.16032040936
468312 1.61413863695
699215 1.25248955473
552224 0.974348609374
704880 1.57081159505
714749 0.903601310333
720088 1.74239963295
722156 1.05531112841
731495 0.828934361132
735144 0.792343180163
505948 1.54935568509
522898 1.19001176348
525541 1.71907966288
552653 0.863920450929
547948 0.962658239572
573717 0.853454480206
576423 1.10670549258
578600 1.25828619527
581827 1.33438256205
95222 1.0797531157
434391 1.14040931194
6255 1.67353017227
530450 1.09245867169
18928 1.66740524053
612087 0.855034520157
77707 1.77751911786
163064 0.887931037095
249501 0.957160578819
613999 1.41746222803
319660 1.39533167923
70601 1.32913598684
250594 1.08323989102
171030 1.39388418763
273564 1.04796317477
55100 1.26901607362
437593 0.838590453209
6958 1.72628519122
627882 1.58080375525
631950 1.39221319538
46765 1.09215077734
437155 1.38663743754
690221 0.997286588223
295142 1.04707666274
40828 1.450074448
368494 0.889458222534
85220 0.860837773183
85418 1.96331388883
295448 1.56271517822
107389 1.24641963129
163592 1.75294789337
114062 1.09087280719
635849 0.988792804799
636371 0.96105295932
42039 0.998340466424
511699 1.00923823455
74488 2.00101610061
657016 1.0686676694
211826 1.84366698927
207276 1.57433032133
126403 1.88142128023
206932 0.81979092544
424446 0.955301898726
641630 0.930604884651
342706 1.98889606561
507027 1.10767752996
219421 1.13413168938
647956 1.8244844717
160103 0.789400828046
372613 1.05358822592
199246 1.46696299643
118301 0.997888928497
40706 1.54719906392
318234 1.50797214044
85300 0.810533760223
150330 1.75662982379
415498 0.958522645695
296667 3.61405375046
646358 1.00966560474
342504 1.61419142964
264155 3.74687359178
332858 0.843075914022
241534 1.40715649649
649211 1.2287662893
296738 3.70901026189
474171 0.671342521133
340858 1.03814559788
331666 1.42597678426
229966 0.908426695631
364653 1.12516826151
475521 1.69158852037
211952 1.4070486743
684560 1.23044830426
603335 0.875875285118
467037 1.17553036924
547801 1.11486462735
394162 0.730785803551
711423 0.927463368274
443562 1.92526407557
612786 0.879419524049
400350 0.82448724512
462325 1.30908128695
508062 0.856827823441
681299 1.20975642701
493311 0.948836457802
738074 1.82720301139
695176 1.18805551554
701134 1.87249505033
703666 0.954886768457
734746 1.33604670436
738881 0.85203888815
531823 1.5502569535
566240 1.16644795023
579644 1.25219041164
586548 0.924393705279
610181 1.96183714211
183796 1.11102898241
601822 1.73640688746
125685 0.865190773244
353823 0.771547451966
606217 0.822128587038
67484 1.37116669915
609997 1.03227162588
42891 0.970148373452
242460 1.25560300935
59922 1.00738666487
97816 0.752042608441
297493 1.57483657673
131972 1.45515046816
10172 1.55219093789
186018 0.899751033389
110689 1.50986142425
619066 1.15415960379
129462 1.0224525591
174035 1.91282957077
188490 0.966488458019
423672 0.878917475763
428092 1.39128364607
45967 1.08882690113
242985 2.10641633088
253145 1.23721840088
94973 0.945606080286
175913 1.29682794958
298288 1.36623887608
631819 1.83023189823
314692 1.01325091741
203473 0.92438513101
219444 1.31470047804
60594 1.19854721896
636116 0.999635397885
444897 0.905485835921
188372 0.826073609644
170953 1.13980898291
386635 0.953950608339
53878 1.41241211319
648945 1.3944183769
456369 1.36336316301
212681 2.00317333255
316702 1.16486195251
379532 1.1434396065
467826 0.957164838285
114019 1.74830217307
153825 1.46697230227
142855 1.54552638324
396736 1.34225611746
350247 0.880654359149
289353 1.20804951165
305842 1.8939619234
383461 1.1278349744
341264 1.8628556757
185157 1.11168763439
334675 1.2210622378
646112 1.07618398319
186156 1.59958884679
543734 0.92559475205
447860 0.788495399035
213871 1.02779165028
80233 0.966216728395
731944 1.00407344453
327592 1.85600080934
305094 1.25654537801
219281 1.47975807107
406371 1.21793539708
473656 1.73410518278
471852 1.08915076207
272561 1.19767958047
489796 0.959423363953
345238 1.05781839251
701741 1.91974377537
659970 1.3377371183
350375 1.02433284494
412700 1.36968300574
734168 1.27254775423
654244 0.720721544526
441454 0.773525015965
689296 0.684675646139
441834 1.0477557636
673454 1.77758591736
661231 1.54391708311
493375 1.22918418218
693859 1.56440899595
487716 1.46917852275
686556 1.0884890557
441740 0.846602373509
694308 1.26330146795
715118 0.762017313041
729403 1.69094833922
690966 0.785162103937
722192 0.758443231527
728421 0.859634220688
741866 1.02323923072
503652 1.50015777626
626691 1.51064410976
549171 1.31154480032
564511 1.0431086855
566644 1.36789499087
570519 1.35638658349
580283 0.923700689425
183996 1.0550146796
583982 0.618787124123
334491 1.27376361551
591438 0.459390956026
170552 1.18478447275
601487 0.0929392893093
561670 1.52734298548
48424 1.7297330078
18612 1.09054229722
203450 1.08470262419
606786 1.11667999579
612889 1.59065146029
149176 0.855965730122
81131 1.17648591631
555938 1.44132777535
176327 1.7226677711
60995 0.736512850741
198663 1.61457835006
443975 1.12224866106
155694 0.827806527387
4082 0.825890689509
81868 1.28268477409
647061 0.910278590418
231312 1.67737957505
119413 0.988762980912
113715 1.17523121592
313272 1.2737879464
232139 0.850648798541
17355 1.0541992264
197876 0.960361910664
47000 1.44832225904
231800 1.38391052003
260443 0.919683806844
277538 1.26202580155
58745 1.66543394789
142830 1.18418546906
18266 0.937842086682
197054 1.36354134503
385439 1.8127935678
295950 1.51743492487
634499 1.25056377338
273787 1.17210603499
517314 0.844160803503
640004 1.30605401123
367399 1.0983307949
93648 1.33067724864
287673 0.730726028301
269317 1.24027421037
280092 1.44424055826
80124 1.07166435035
203754 1.46185817615
200856 0.836616019088
348075 1.46550745856
274791 1.77449173835
386980 0.958209966985
536796 0.852043409689
471038 0.772763604559
319034 1.27580675962
382140 1.70886609102
211512 0.813845688347
323142 1.33494591524
283843 1.13819836499
195185 0.985174407144
650478 0.772339611912
333734 1.21521040587
309673 2.03401341412
194475 0.940416201754
365056 0.877309230924
57042 1.07608033552
351665 1.02340704066
364124 0.964708948724
393038 1.95006063447
311093 1.59393942217
698772 1.49616785463
317144 1.64124249445
311704 1.41824501888
660910 1.86808145327
662849 1.58167030771
334895 0.781409612674
437603 1.67034657405
657476 0.28242925005
435853 1.29466121074
579101 1.72582930557
515281 1.19537243683
468557 1.82714668396
657554 1.43566105769
676530 1.77528237293
686124 1.44245757063
645321 1.03743638643
704326 1.23593977395
696269 2.07238282203
613349 1.14889481245
708290 1.84372063438
528031 1.38681610872
543231 1.13768941632
556948 1.14006457721
562386 0.922517786403
565101 1.23814880991
576987 1.2401647167
584257 1.98876489565
590662 1.27838468677
29079 1.15096688165
74998 0.647576338942
521116 0.842650147811
388318 1.66309354681
7769 1.09672317391
598905 0.203272108858
535829 1.74037529354
25111 0.915796713149
551951 1.67050459826
370973 1.08117861918
501823 0.827868359921
262128 1.138084511
240264 1.40798851784
416861 1.83990143077
95508 1.74872925619
257543 1.34840919771
120218 0.807360221429
70728 0.885964585027
45075 1.9130322064
182662 1.75036884415
169906 1.47452603286
371569 0.967202815849
119563 1.00926394608
606713 1.01473325347
635282 1.90081991974
134777 1.47655209217
42884 0.855030487003
650554 1.46659359214
239928 0.84004552949
302272 1.40537250337
652235 0.914257054252
151734 1.66244682437
301484 1.89305997383
170330 0.994333568774
165992 0.851803242429
435578 0.946422327459
117021 1.29986402966
268678 1.76062453716
422517 1.26908647834
241935 1.62847467502
310478 1.00201679343
612465 0.684699168635
312157 1.15161544436
404974 1.14550904731
339949 0.888678020335
309854 1.06268584165
178950 1.61028118242
512410 0.953468028491
425555 0.955189447947
359913 1.73136043006
260623 0.946857367008
456903 0.987965681818
614810 2.00816798118
230708 1.5041471289
438456 1.45447791211
356872 1.75236607832
404323 1.19050822451
252461 1.1914065368
406540 1.40435687761
666444 1.21852513868
363534 0.84072364028
391132 0.999121258026
605200 1.49956302719
296866 1.88354819005
178261 1.02225858086
479732 1.89028827419
393039 1.53683277309
657250 0.869399142699
677009 1.34505548535
172630 1.18014494532
473587 1.6429830463
390378 1.73566051736
478892 1.6244400101
493165 1.09379962241
668609 1.4906991028
414681 1.70759266272
446664 1.49365874539
448156 0.887437574032
456623 1.81879782205
612857 3.49640528942
483964 1.55975198545
462111 0.918175280239
635881 1.43014382302
325643 1.90172917408
689978 1.74296503454
637950 1.17007818113
702686 1.47427694006
732673 1.01196531842
738473 1.62105639034
495288 1.61241692114
711015 0.0783746079332
739741 1.13583939667
502107 1.13554490312
538829 0.746038281769
539745 1.40612684582
549939 2.00915010667
566924 0.945131677463
567449 1.49055609009
535415 0.894467134319
575136 1.38761491034
579950 1.69037557032
580056 2.02298758135
582501 0.951872730224
267554 0.961891849292
140597 1.25567357896
33307 1.64789466096
428052 1.31547762875
25036 1.25159994446
47351 1.39623922214
36082 2.134646167
132330 1.10409258022
368248 0.95644656898
96790 1.27254308975
60193 1.05871620759
323350 1.04237968371
191102 3.77383896216
71905 1.24891248393
530983 1.48654292152
92687 0.935764990039
35269 1.00310168078
237823 1.08536104387
32686 1.71392282222
112160 1.12958454621
52127 1.88237406146
623618 1.07135779339
268479 1.63476424333
138919 1.22234563039
309717 1.60066869898
424374 0.935895211603
389844 1.04490765673
631656 3.57846108929
389916 1.52679221297
113118 1.2571176468
477350 1.03841343784
197598 0.806611180411
235843 1.48845328517
155460 1.84487529292
425140 1.3069217668
524719 1.25138919762
247177 1.31689898535
104431 1.06981445678
409059 1.4195942366
505362 1.21822582874
150253 1.287712214
261889 1.79650749638
159337 1.4898939659
348243 0.883473891272
96851 1.0682304223
379460 1.4396347239
253380 3.37486269975
677907 30.7518805403
438778 1.20971062597
190522 1.20504917794
392031 1.59059675942
331206 1.66288179648
390072 1.08360703671
653096 1.70130850141
238545 0.877638739547
271831 1.47043865544
643715 1.61439950822
314635 0.97422129875
651237 3.51948487759
403588 0.926313558871
463841 1.59807912608
433534 1.11688384968
656581 0.714968612771
327126 0.886096908844
486152 1.17072831363
567996 0.443889446244
487244 1.71977243702
384581 1.48270033064
418329 1.30184169191
405719 1.54880067279
480359 1.49771351218
485364 1.57279518176
703617 1.30743869758
683979 1.27894334803
461281 1.3800723152
471999 0.85605283175
661941 0.856985414758
694328 1.05688700939
736766 1.06491634829
334654 1.08543031562
621103 0.754772286895
701516 1.23822321545
673268 1.29227388621
707745 1.91934041764
516263 1.34802209159
714376 1.65199999346
717873 1.72071410323
737980 1.53981811841
739871 0.0202415416992
502989 1.63240444632
519299 1.37316834004
519849 1.0486606593
537253 0.639607229553
565150 1.13160229458
579641 0.721802916361
586318 1.82603168837
490532 0.819447119844
9452 0.839846670514
100231 1.828585468
25003 0.94603042888
234646 1.11656414357
50395 1.26947635838
178553 0.895913681009
229322 0.890214920943
10304 0.883000140473
375095 0.932633506806
74718 1.11276174905
17434 1.49911686366
17766 1.3398414123
368692 1.0501088644
49200 1.22648469689
111202 1.42828683144
112512 0.866071714788
563856 0.733040190531
27539 1.09317608182
113147 1.33922483177
276391 0.850457581614
15696 1.29226632156
25672 1.71480017599
390819 0.401830979374
334140 0.943843214483
315718 1.21826193602
491711 0.974995151746
235151 0.776601760102
217359 1.66194094007
468827 1.54349062652
231311 1.02361782058
630864 3.85117220186
246581 1.72719598623
132371 1.01085591484
243702 1.08675345643
84533 1.53719712235
608496 0.798365764042
76257 1.17693176634
637321 0.980684087457
226703 1.11250009123
295434 1.99393124293
409888 1.01442904733
32714 1.02723464223
127824 1.03673008357
226920 1.16960840917
265362 1.39089997496
316266 1.83711222877
166884 1.82686554675
457625 1.13091720423
276234 0.79008984795
30610 1.27882162579
197851 1.05816466505
431908 1.75507382497
95420 1.54265668032
700130 1.09938330227
221497 1.75804305029
355762 3.45714684358
333863 1.70052719202
224129 0.959280369502
302424 1.70028771541
109822 1.61817285938
328931 1.35211386572
226180 0.955341407459
224795 0.994421035753
294042 1.44827338833
331186 1.23139133264
213925 1.4223036868
371701 1.25757049493
688907 81.4817661093
414263 1.06940013662
699038 0.981286290282
439001 1.26558275217
282852 1.09788742206
540444 1.34529940021
282454 1.0410324508
593137 1.10307477076
304883 1.21502712251
463673 0.867799247504
190337 1.77464485551
316615 1.23269847011
661633 0.996043434161
428547 0.940775642333
425586 1.16247623153
450442 1.12898724966
223986 1.38481451835
679932 1.07113550661
709407 0.798622106588
494471 1.00375861892
700431 1.0284489248
718302 1.83037494294
728297 1.02192937575
739309 1.43272199805
739892 0.426764096577
518208 0.770328393933
560253 0.856268450351
564077 1.29687628307
578329 1.92132618529
583323 1.53287251586
591076 1.26601350168
231684 1.43124963454
189050 1.14758058944
39949 1.26485569535
6927 1.32495094463
146153 1.53201563346
101940 0.774872268432
607508 0.87071463761
391074 0.904812075344
102515 0.737616674819
5927 1.43629628658
86429 1.6970315051
81834 1.77214720491
62289 0.928317633259
122889 1.2154071919
149550 1.95965992433
45938 1.19691096087
615178 0.921479048426
512122 0.879481819611
87048 1.12564301143
79764 1.04744540915
409983 1.58200130569
200345 0.910075677868
276464 1.02838938999
172038 1.76697050125
222686 0.786758366078
29103 1.11029617357
186236 1.49430871506
73404 1.24584938139
30865 1.7859110948
184405 1.45105139565
97866 0.952181452673
169354 1.71451980142
363645 1.78158938423
85252 0.823070066415
285632 1.41369781517
181316 1.0240609845
28447 1.00465064764
371532 1.20949510266
236759 1.24882587185
56901 1.72072402754
42396 1.03934125373
303878 1.88155470934
122208 1.03974349178
91993 1.94653401354
97247 1.70778715727
315257 1.19593322932
406111 1.32102482966
432821 1.36861222001
207281 1.46854805462
340950 1.08391148334
686325 0.79944857826
143405 1.32742893162
187790 1.55741225429
440630 1.54439825231
548794 1.1810548001
367675 0.853899276679
159816 1.55472796054
335314 0.877819315134
271624 1.14012682336
145601 1.05750144031
289161 0.99574634372
463694 0.919162696942
366014 2.072969882
433585 1.05858749143
366563 1.12221729473
392739 1.36556086042
364685 0.798068112336
667238 0.94006202057
657188 1.10314430368
658635 0.871347533373
561760 0.807423098117
465417 1.53825742935
410174 0.978976730994
606738 1.08041155295
323542 1.39992767593
699821 1.60652645431
483072 1.5372229472
396335 1.85093353393
680919 1.15663455085
689170 1.37990634619
689073 0.0495690945684
655362 0.875836375165
718212 1.61990621934
683427 1.96870785518
469928 1.58415735027
664464 1.31808518913
487848 1.93847010295
702980 1.3986177236
527798 1.45647982609
707773 1.50842361881
716339 0.888695095938
720217 0.934920440849
724770 0.914188380419
725030 1.02670290817
502399 38.0616722663
510319 0.911425569965
523985 1.56650194815
530766 1.45339429262
530772 1.4433579057
501783 40.0147928696
203 1.59581438435
555427 0.79189101674
563300 1.07652726629
568464 3.72446775627
575696 1.46445278492
585152 1.1488080474
594607 1.36993899059
31503 1.06708712117
601883 1.05969553872
24155 0.841570846967
543005 0.840375796326
30740 1.59543309358
117777 1.16175764784
390200 0.943289107656
55937 1.6928241075
121581 1.84829149201
114117 1.45839097035
71473 1.3562620855
642117 1.18116079923
553028 0.951674104745
136748 1.09245119935
13718 0.943680427014
313703 0.838913770895
352404 1.38059220491
106321 0.939907319043
414452 0.930719187441
337593 1.73499449536
67990 0.77190630558
238956 1.26194773435
78849 0.999471358139
418533 1.61390882823
170198 1.05948666015
632490 0.824786253111
186406 0.729442279299
25927 1.01492268135
91162 1.67505817979
139072 1.0309805734
637213 0.844705496993
637390 1.86765032475
319047 1.47440406164
370586 1.52574486497
333838 1.91272241848
27586 1.11352394389
142451 0.891433033976
24254 1.33983762003
99544 1.00199894708
257817 1.12943962333
465988 1.61248752609
668950 0.86271737489
389391 1.10713584899
61658 1.0743380017
452286 1.02515750201
127360 1.93139896389
536847 2.07955559214
642790 1.42943281376
122797 1.27097833551
109734 1.16442174705
216715 0.996684943152
301456 1.63554648026
244262 1.27977830534
421517 0.904619463428
287808 1.72922739428
220904 1.33921748995
294933 1.91801279134
451778 0.994833900416
299992 1.85870578916
339400 1.31255471916
129360 1.72373513934
163573 1.82396076235
479785 1.82049772994
456407 1.53111857959
326085 1.79499831438
652274 3.83212950393
25504 1.67587950802
174901 1.34184919504
491701 0.892484541493
349511 0.843746985728
324751 1.86527870437
474422 0.790379593648
697240 1.38271013914
491509 1.75954986243
474089 1.13472782898
320112 1.86476370678
378617 3.72742584971
534709 1.72628026185
449259 0.763989176377
362944 1.21316710014
491532 1.59331626946
421990 1.9128271126
691909 1.41221735053
579794 1.29201967706
634083 1.48509009102
707284 0.955789981234
734857 1.16925382559
515437 1.60091477701
514677 37.6196353367
537511 1.53853050184
541715 0.975357299589
544751 1.32870478261
549086 1.9071186351
565968 1.21677231097
572056 3.74403531479
38451 1.12492115225
39109 1.65528727467
646945 0.889770837325
608999 0.891542877466
72920 1.68033541321
51934 1.97863702086
19832 1.28440383386
630900 1.03165877195
6193 0.884988126611
110305 1.90834779666
24597 1.5076778242
37872 1.34478071735
618144 0.631331429533
327027 1.46781995677
119518 0.847853413434
185189 1.84922974296
6399 1.14919860254
191737 1.30383847404
97882 0.987461225285
177039 1.0817992291
152585 1.43476021137
168974 1.1819748402
596677 2.2421212197
79396 0.922002251331
251204 1.11799657509
292841 1.23832355492
629996 1.55672376071
443903 1.38833411243
17920 1.14108041093
164764 1.21882014498
343364 1.04945922028
276624 1.57386780756
302466 1.0950240595
435083 1.17517988896
43528 1.6652694407
550406 1.04194440551
637527 1.69260455429
368663 0.965718027817
310678 1.59271997062
206410 1.15560446838
168030 1.9102865313
442214 1.02329928898
469368 0.948125760007
155986 0.912337979755
444154 1.20268297595
420818 0.945890866286
301702 1.18872271213
295422 1.54056961317
429162 1.32354703656
306793 1.24041115595
417601 1.14807420882
662806 0.791199869983
319225 1.7802843398
647172 0.992539371832
157100 1.0298937697
396910 1.26342515189
456276 1.30452944745
183675 0.879388032001
491998 1.55937891331
294736 1.55330122045
338599 1.20544476151
652403 1.54634897612
451543 1.19869476395
75612 1.10100660078
210083 1.01526936563
657404 1.28288288264
232456 0.902805244072
331067 1.85387576255
304924 1.10783995185
660467 1.13849568287
328817 1.82601120726
326595 1.98297317615
449332 1.1322484256
428016 1.55923614881
239831 0.857916364738
594558 1.73495956812
650002 0.814487671401
315179 1.80140159528
493636 0.845390400653
671269 1.60361921851
737704 1.5023162907
451343 1.83954876116
697370 1.17741978305
613164 1.01744833601
691164 1.04035144716
719361 1.35487010921
716632 1.71348178632
718891 1.10298030898
721557 1.73797683551
723233 1.57832129801
726619 0.990430789547
739203 2.05945756023
509125 1.20488208574
517429 1.30663715924
524106 1.57009232394
534244 1.08567906412
276901 0.778726135919
573745 1.51251548645
577299 1.41347577921
63022 1.88788846165
583460 1.2901141264
300243 0.909077994472
585344 1.03302565788
65584 0.89333169232
538818 0.807827618698
553598 0.900162267846
59017 1.04332019903
600505 1.68940027684
53289 1.09338720178
392795 1.49587598079
4029 1.13756107193
31745 1.87396325005
607406 0.851786911087
17789 1.33450822746
20417 1.18871582231
132392 1.10031847717
3987 1.41173541252
515082 1.63982889124
230885 1.52027933647
337395 0.976280929925
191207 1.67788270987
4535 1.32597828541
102469 0.868414688615
433963 0.658043906894
4004 1.46475097839
48664 1.0816946118
40038 1.26475875949
92237 1.8511947233
521470 1.21100041451
101409 0.883087926411
611322 27.8853973356
84535 1.32259977492
99616 1.20896843798
514586 0.570776518821
116023 0.887669708219
218282 1.37287493209
87369 0.96338849669
18029 0.878941007593
79645 0.972657290597
23616 1.91217956339
617570 0.887746487089
164866 1.30981964143
117279 1.15669573613
390641 0.761620395687
414997 1.58762228901
338989 1.96055732656
261157 1.88774574171
239957 1.12755421956
378909 1.80463662083
284091 1.62284379723
146506 0.985478884608
400130 1.25730106024
154091 1.3767723371
93922 1.47111083617
316066 0.958345794479
204553 1.71798141508
293585 1.01835826187
654944 1.00166215345
124371 1.01060574176
266761 1.6960112152
284268 1.31608114725
207307 0.918458731916
249098 1.82450215683
164399 1.97738189609
429805 0.977732853869
244122 1.57362816142
253246 1.23451932708
209400 1.43621418532
371264 1.61689574202
653144 1.03104992974
396668 1.12751240311
409744 1.80842556184
438637 1.94006257189
493672 1.19304994743
373786 1.43764810101
414413 1.1127795484
443315 1.05017501561
422147 1.55129539785
438250 1.12625261909
313439 1.23028506138
439620 1.4232007395
493162 1.1418782307
669129 1.50249108332
558050 1.72580250166
678259 1.76744113682
454906 1.49487181003
480353 0.887479941855
657192 0.812515883091
688595 0.797071772814
696771 0.760018900057
700770 1.6253880854
738452 1.45498338679
521222 1.11450188626
527382 1.66755961541
528407 0.795191522474
529037 1.07434077279
543160 1.06872589458
568174 0.887159585758
540886 1.23877915671
37116 1.28624328577
584043 0.825290166254
588847 1.68909302157
26846 1.21766637866
434854 1.7208143741
76880 1.14295543667
71027 1.46689776625
605877 1.13998796983
16732 1.19076610106
526534 1.31703604017
613464 1.24752600974
273536 0.878976256968
385196 1.81055254539
59191 1.13462804003
19577 1.0773156292
112397 1.05016188804
253519 0.863195367859
44522 1.0701721595
129140 3.75711749556
88784 1.15359257463
315242 1.02924748624
121813 1.73911136569
18366 1.65506283517
70598 0.875552560922
26913 1.2587277174
293315 1.64044889582
49050 0.909537398648
542735 0.748788301788
38521 1.80323281459
341478 1.7863044598
399383 1.06970977211
66443 0.942385361806
218178 0.93192153329
342162 1.02668221089
634617 1.13342685978
120781 0.985770249976
106211 1.07511897484
70661 0.928593354163
404259 1.21788475317
207304 1.60130954085
443852 0.918234002165
469357 1.07024691155
88986 1.35073100656
189872 1.72037396683
659638 0.916509987332
459072 1.21261232325
264712 1.44418766401
97656 1.39039768499
640268 0.861076106812
260095 1.09794762727
448387 1.72373541762
470749 1.02905763538
192138 1.55036583183
212161 0.881393382143
205933 1.00540988938
645801 1.48896232853
343965 1.21441209754
621303 0.865539305448
92842 0.923178914057
481206 0.96360912198
151562 0.796012824171
166578 1.66640352009
678115 0.94394328897
323634 1.10201855294
297349 0.942006404061
656582 0.767508054221
383673 1.49827558834
725011 1.71070004038
415157 1.68376851485
461987 1.05807719084
647791 0.757445834739
601853 1.70425984183
439302 1.17350351511
674955 1.68935875476
448513 1.0359061061
433022 0.952170383316
449001 1.7172433992
505291 0.743485689711
469041 1.98585745632
712240 1.7320603105
432479 1.58885556223
682604 1.37797199043
351802 1.27867014271
689230 1.73986359638
483184 1.12996435187
459401 1.93674775651
707473 0.989233383827
727081 0.967909128507
710904 1.79047460983
719187 1.81756056672
720047 1.32839530969
726709 0.808122665976
732856 0.812729525482
521714 0.802912995556
541416 2.04973464319
541814 1.56735050109
550218 1.33635749931
548929 0.367102284409
385452 1.07193924111
1664 0.841696422706
16931 1.68487876062
24250 0.956096052642
35136 1.23019712907
175433 1.51544297717
20872 0.685279072168
27308 1.32626167472
124874 1.36874084426
59049 3.41494188271
57019 1.30665531768
390681 1.47182802042
102396 1.11669441901
607366 0.978596971835
305076 1.4601206951
79617 0.981897434772
2008 1.81689282789
50200 1.17639038592
89930 1.70204375395
313687 1.43688144772
47781 1.76270603111
64188 0.996384557206
29376 1.2255732253
205917 1.08465830848
372494 1.256264078
355181 1.21375714876
40581 0.734044873483
628391 0.9633014906
333248 1.56545581952
223134 1.01115769756
441122 1.32338477564
42384 1.11651418096
438481 1.14408875031
319915 1.62951061179
194890 1.10311654462
138081 1.03749148953
242467 1.66273448828
342860 1.15474628181
510658 1.45343834114
639199 1.03534656272
260790 1.6579327607
366954 1.61867054801
550985 0.906969453727
671924 1.57176861589
517691 1.6513676656
190077 1.25561342366
367131 0.817608084495
489017 1.14161421631
264879 1.88463536231
644990 0.819567034002
652602 1.34247437084
657642 0.867620695973
103602 1.04622872983
547934 0.770181653802
196420 1.31479117251
451650 0.937199817118
298224 1.51562852036
309402 1.02276561497
133592 1.2876667167
648827 1.79261618153
423335 1.62844259928
543635 0.745537739602
294171 1.17182345321
366132 1.97905594399
43552 1.20641078665
510995 1.28567179992
395714 0.843699471025
435568 3.81781378118
559105 0.94056926364
438048 1.66802571681
418860 1.83921350671
382482 1.36934258662
508176 0.747540192365
652900 36.9576640301
665752 1.56449982128
492060 1.15318409065
420455 1.24444422278
403495 1.52377211266
439669 1.96592796445
668041 1.04762081294
687634 1.21458932873
676797 1.5099181002
481039 1.14099433571
682012 1.35345833785
672473 2.03334411613
495471 1.4494497405
473448 1.34102592489
696909 0.819012792365
716085 0.828340166625
714933 0.802339666813
723396 2.22427431647
736255 1.49184691513
728553 1.74727541645
711379 0.809225700472
733245 0.117726431479
539131 1.21208395437
540282 1.10200492723
547231 1.28258265396
548304 1.99930828067
557505 0.962753825081
558321 1.52756003302
543292 0.872713173881
222524 0.915670746411
589756 0.969356881117
180254 1.01098767099
592539 1.41314109265
69518 1.15230582913
29185 1.43907967096
152113 2.10458074932
541810 1.07106879174
58379 1.18617586429
475768 1.93132620574
13271 1.32575127448
495880 0.867974323184
187950 0.797587717175
156981 1.39332983258
141919 0.967125237725
19256 1.52469806147
614356 1.74309436757
474246 0.819677061554
41182 1.89323164629
55538 1.08661059951
93476 1.39672392119
617019 1.49070600774
236719 0.929166567535
341898 0.827031761889
55605 0.964062521659
69484 1.25772838461
81601 0.917147020801
330022 1.22375365625
225327 1.17832401734
173334 1.16722491159
157955 1.08083214005
260338 1.9226110492
248463 1.67805752796
170764 1.4248574429
100197 1.03606814221
219120 0.948810972094
273722 1.13483157313
179882 1.27848281641
160021 1.27434361919
263664 1.83502009725
130368 1.63252747123
111519 1.41915520918
73755 0.879380341137
87833 1.73598841586
268452 1.19852923318
450875 1.31864272592
197340 1.65264621966
141708 0.806403384808
509197 1.2756702721
115587 1.04812670264
359255 1.36941807112
286674 1.19709175642
154222 1.43389771601
263624 1.83609330026
181019 1.63485559317
67325 1.18418575835
161529 1.08240111713
55623 1.28510792951
328174 0.856447672063
454766 1.23999337965
433277 3.80525255674
414764 0.73988831179
468375 1.63871974791
193512 1.39968625185
450456 0.944174877352
64111 1.13711002233
206258 1.75192224787
189238 1.41022360764
327036 1.52516565006
283713 1.15256445054
525935 1.3695358065
367649 1.75695830112
218141 0.976910328566
346314 1.04344756363
287680 1.28895785048
464854 1.37118056691
665189 1.27863102874
665115 0.961270130322
527154 1.46657410817
671373 0.791874362123
472649 1.21891413247
473106 1.24882924454
686975 0.807920413098
674738 1.42837870432
483637 1.92922849734
712328 1.00621887125
484730 0.859438424622
701762 1.29664443277
495682 1.57459570849
702310 1.15826899702
717114 1.05878517624
736661 1.78135823831
737989 0.876476599097
523749 1.43631575424
546645 1.42280224026
300 2.05790702278
384516 1.01418159653
354214 1.77160789829
574014 1.07519181719
577846 1.76031926457
585651 1.66290283574
587401 1.69169893389
140997 1.70418552205
3635 0.728263768196
61449 1.20167890469
35166 1.05647083268
110697 1.01518704906
597361 0.887509581159
80028 1.72438075643
110365 1.95010921546
127161 1.58537665709
37558 1.47934766531
246184 1.57217884467
287923 1.36500088903
98597 1.16261418856
222018 1.13424570998
26291 0.92909653679
346255 3.0184423122
125698 1.22032361468
276288 0.871578746042
619745 0.823694842262
621674 1.63635932055
623733 1.3949002908
75711 0.897316743567
150795 1.01558435512
429520 1.21819653212
153810 1.06344530593
40756 1.89851196506
496018 0.230002348245
50062 1.17766989631
93433 1.23379473048
213432 0.989106317357
114588 1.07597570267
36816 1.10658670412
348122 1.07452617865
372642 1.85324618821
504697 1.22765745403
315434 0.924997276398
327716 0.963159759686
127194 1.37609556033
329056 1.21618655584
171631 1.14676649164
507098 0.748958387696
162886 1.52001189719
90644 1.55679644592
151241 1.5901900607
670578 1.66359589741
474744 1.54187581737
139608 0.774928219863
363433 1.02552767574
288850 1.45527052171
383894 1.56687325846
593113 1.39229856389
396633 1.61195976398
384933 1.55695598872
654234 1.90094610917
303294 0.8731389603
349565 1.10601063143
331230 1.41486938925
276328 1.66504833
443000 2.09059106843
420611 1.38746723608
484097 1.27239406637
565635 1.05832339234
410121 1.64977279864
311752 1.4336950743
484619 0.945636214229
247600 1.57116561824
310233 1.53779595842
603124 1.08627969171
406491 1.25331803891
675803 1.0409151536
656080 0.762369173553
363690 1.83661868624
470989 0.905448826913
684726 1.69343192216
737747 1.04573861137
687239 1.56142319952
520209 0.794833484518
411946 1.90861369165
610598 1.43073249178
629082 1.81376171345
699679 1.36894976557
450019 0.852707229255
466003 1.76398484194
696232 1.06999992491
360596 1.26555962092
570371 0.735188812585
703003 1.18528167643
715893 0.998763796868
720516 0.573851611448
724361 1.59530930217
728303 1.84278133904
500787 1.01705375791
515340 1.4349133188
512532 0.73590467087
557274 1.30441778245
577159 1.12058421127
505814 1.21905138605
352403 1.29300960211
583225 0.784501962789
583330 1.12915487914
587927 0.959621180027
150233 1.07560979872
512691 1.01369787404
53671 0.946240089049
27897 1.63843466059
9344 1.17590626267
4790 1.42959755212
17443 1.95589753275
607122 1.29216097989
95691 1.76222521561
39874 1.17207575486
129190 0.838507176066
593028 0.881149988389
602843 0.942883757298
233370 1.40216074086
427582 0.796657189561
119059 0.712040643152
180978 1.09738886957
264425 1.22089410548
373824 1.01406248587
122423 1.31365825918
182276 1.01324531302
51705 1.75276447132
96708 0.957367898266
167013 1.17797082186
158318 0.990039021999
71367 1.05535871385
362099 1.08722879907
92456 0.846762514507
49230 0.902204152516
475110 1.50468354506
207384 1.8789555979
256121 1.5833319631
338412 1.33233756669
270826 0.758448908757
162593 0.860185478881
318230 1.07177414699
226812 1.92608800959
94730 0.952678641734
408613 0.870110191257
410560 1.44105834626
142636 1.34701872475
411319 1.16872884929
178438 1.07955973421
482658 1.1684945528
537031 0.78784648919
123906 1.85882425549
412135 0.948232668956
641371 0.835271400375
649562 1.65113394162
312638 3.69914419914
230509 1.03514396151
283000 1.6536546747
132296 1.24570181465
622811 1.86328615843
253020 0.974752393332
163145 0.965456927622
362127 1.03680960935
303060 1.16781928938
436113 3.60999074563
484562 1.76389840949
594176 0.845293098657
506619 0.736126454056
320913 1.42344315313
414809 1.05574937457
664045 1.06783174396
664340 1.4502895578
456415 1.41239211106
667365 0.805757639337
662423 1.16570203571
609250 1.12849130807
651821 1.26409912197
419275 1.21204982834
565664 0.952689411553
430533 1.31730650327
454406 1.33421959344
678185 1.85498456517
550477 1.06102779427
447619 1.27438188892
602171 1.66232671148
722091 1.00717091065
468461 1.55557872283
452241 1.10956884649
695513 0.759668220627
680455 0.752164186454
709181 1.2017661529
710494 0.958004077911
719070 1.36590139594
719947 0.900462856245
730312 1.11123912822
733066 1.54727444701
502978 1.02674798914
506095 1.72541559476
554639 0.953984981853
387504 1.00642650169
574765 1.07253078984
580 1.99233127213
21263 1.01202834903
61729 1.49437152972
277137 0.966678787861
6901 0.798072902397
197696 0.95406090918
595903 0.782448567062
15856 0.895887697416
316671 1.18725552959
552902 1.11371389039
10092 0.960071804142
7302 1.34631104945
275887 1.10739150357
407892 1.0371515921
330369 1.17170360695
42074 1.41728714652
52356 1.83422029395
97741 0.74597201079
548131 1.08955540936
391932 1.13000785815
72561 0.882816637848
204189 1.72773749403
248197 1.85328641789
225690 1.03144231923
122424 1.12453142618
8868 1.68948675209
347486 1.10066042601
147923 1.84643752438
620481 1.56663375737
192505 1.44523965496
67768 0.986562680984
604497 1.25196524392
218840 0.774584882418
202201 1.17672141212
95178 1.12351857941
261173 1.64012815537
257102 1.45824825279
82336 0.846193800874
89906 1.78266873611
406345 0.840241202105
141026 1.49399063654
80385 1.08232621985
266401 1.47475674418
327310 1.55645179001
31681 1.41265965146
621485 0.874013717122
304124 1.19406101241
106849 0.807362633259
357509 0.711316414526
549075 1.97559826981
333638 1.11496298645
272072 1.57462746704
240188 1.3966262058
274534 2.03051645688
260853 1.39944785214
482223 1.56034037098
420617 1.3149841616
421189 1.0258778629
322759 1.89869211172
236204 0.994540726728
254926 1.63399316994
434605 0.771684559438
413302 1.53735830873
224650 1.72996463764
238112 0.908989652044
156335 0.849684650146
262508 1.32206952043
322336 1.93237644362
236095 0.677248258564
451890 0.939816802862
445682 0.984997697374
711772 1.66512827759
663544 0.924242502619
689852 0.919349371408
673474 1.14644189949
596857 1.24050022514
583823 1.37084646378
323182 0.767979999048
672219 0.759351136937
653619 1.59441790064
454717 1.63204358388
468076 1.21459785775
659015 1.68162940082
549347 1.27088352214
454930 1.49278154881
471166 1.75696003304
316416 1.72775114525
693318 1.3152483482
428033 1.6640486885
697452 0.994597953793
705563 1.86209275529
707914 0.958210440567
708240 0.0277516652174
712043 2.02814907632
625513 1.55890073043
