279
887
944
1097
1204
1486
1536
1627
1685
1863
1864
1865
2061
2063
2100
2110
2212
2343
2368
3102
3107
3175
3288
3338
3352
3360
3552
3688
3753
3838
3908
4197
4341
4404
4503
4688
4781
4847
4924
5020
5143
5145
5248
5335
5370
5496
5590
5646
5731
5786
5797
5836
5870
5933
6050
6063
6178
6611
6626
6909
7066
7092
7236
7304
7350
7358
7474
8034
8035
8037
8201
8373
8405
8507
8568
8709
9162
9172
9301
9572
9801
10145
10278
10302
10682
10860
11054
11284
11487
11824
12398
12920
13551
15504
16064
16205
16636
16834
16868
17181
17182
17274
17511
18106
18109
18736
18916
19356
19764
20019
20086
20234
20236
20429
20461
20826
20898
21275
22116
22143
22328
22525
22627
22807
23135
23152
23714
24202
24443
24635
26031
26045
26120
26189
26192
26379
26723
26760
26772
26817
27832
29981
31845
32511
33060
34826
35352
35382
35670
36284
37117
38086
38239
38850
39557
40267
40329
42033
42335
43858
44200
44731
44916
46754
47149
48438
48565
48850
48909
49748
49784
49819
49843
50254
50328
51364
52036
52340
52750
52872
53430
53637
53679
54509
54520
54702
55333
55686
57193
58573
59850
63323
63507
63790
64770
65244
65390
65407
65489
65733
65996
66063
66146
66179
66253
66275
66400
67399
67573
68278
68348
69260
71184
71828
72077
72932
72994
73480
73503
73575
74604
76834
79230
79512
80098
80259
80639
80977
82137
82158
83983
85118
85490
85818
85867
85953
86376
86595
86667
86829
86878
86909
87130
87269
87311
88043
88115
88213
88225
88292
88412
88959
89769
90281
90367
90373
90377
91210
92320
92371
92543
96021
96072
96249
96315
96536
96590
96631
96744
97679
98943
99907
99935
100004
100802
100897
101137
101396
101521
103882
103917
105140
105208
105355
105808
106143
106538
106589
108146
108289
110859
111737
111918
112221
112312
112380
114273
114926
115026
115333
115731
115768
118459
119044
119047
120061
120297
120942
121241
121931
121993
122069
122358
124146
124198
124264
124339
124544
127519
127546
127932
129989
131128
131447
131507
133090
133173
134863
136779
136784
136818
136874
136900
137032
137044
137052
137158
137170
137175
137485
137695
137805
137911
137924
137925
138258
138325
138848
138852
138893
138911
138925
139345
140333
141018
141052
141079
141111
141354
141424
141477
141484
141555
141662
141690
142182
142348
142547
143219
143381
143637
144386
144411
144861
144870
144892
144908
145485
145486
147035
147053
147170
147988
148064
148185
148209
148437
148975
149246
150102
151884
151932
152191
152563
152564
152583
152667
152679
152705
152723
152741
152742
152756
152894
152895
152941
153195
153219
153267
153349
153460
153792
153953
154007
154229
154244
154300
154347
154453
154652
154715
154783
154923
154988
154993
155002
155140
155336
155634
156185
156252
159368
159402
159459
159495
159518
159608
159677
159699
159929
160014
160519
161646
162011
162058
162063
162080
162142
162195
162385
162433
162452
162694
162723
162900
162911
162913
162926
162959
163000
163023
163081
163191
163295
163667
163679
163692
163694
163732
164184
164201
164215
164232
164295
165139
165227
167718
168378
168437
168489
168791
169461
170013
170502
171486
171819
172722
173069
173508
174067
175114
175317
175921
177016
177171
177180
178153
179217
179416
179583
179724
181660
181771
181902
181951
182176
182348
182541
184287
184378
186342
186393
186394
186408
186823
187065
187661
187960
188272
188349
188836
189008
189170
189580
189630
189829
190119
190135
190166
190208
190491
190669
190706
190788
191239
193127
193178
193193
193500
193935
194093
194111
194459
196256
197570
198752
198874
198994
200649
201456
202411
203217
204131
204912
208617
208823
209215
209545
209974
210635
210665
211871
212359
212414
212694
212878
213053
213152
214088
214529
215190
215206
215609
216595
216644
216658
216689
217172
217496
217517
217687
217796
217837
218017
218111
218167
218831
218856
218863
219046
220186
220428
220909
222008
222118
222128
222984
223071
224813
224926
225312
225416
225430
225586
226142
226219
227077
227224
228231
228433
228502
228695
229007
229059
229105
230599
231100
231615
231619
233080
234167
234458
234516
235700
236196
236673
236716
241097
241944
241956
242147
242187
242191
243159
244670
246138
246262
247517
248048
248590
248835
249688
250112
250162
250424
250577
251398
251428
251568
251863
252091
252093
253062
253748
254417
254460
255166
255453
255501
255591
255640
256004
257381
257401
257471
257701
257744
257838
257929
258762
259221
259698
261789
261938
263872
264308
264310
265661
266551
266552
266648
266996
267136
267223
267605
267613
267804
267821
268279
269623
269779
269902
271144
271480
272323
272324
272402
272800
274520
274896
275589
275611
275974
276274
276397
276703
276770
277039
277142
277616
277617
277810
277958
278327
278381
279136
279860
280491
280636
280742
280744
281371
283450
283473
284422
284522
284763
285179
285540
285567
285574
285944
286021
286649
286785
287069
287312
287400
287679
287702
287708
288136
288282
288592
288958
289227
289419
290081
290517
291852
292793
292948
293054
293726
294271
296318
296990
297156
297159
297289
298154
299438
299582
301011
301019
301580
301964
302098
302207
302311
302380
302871
302898
303250
303262
303449
303775
304640
306173
306367
306375
306413
306421
306453
306918
307070
307543
307560
307971
308043
308047
308127
308195
308273
308607
308771
308933
309139
309203
309214
309273
309737
309741
310071
310423
310574
310737
310842
311477
311554
312619
312632
312802
312942
312956
313440
313552
314021
315208
315249
315384
315898
315902
315921
315941
316446
316977
317404
317516
317643
317766
317889
318160
318411
318479
319421
319988
320378
322705
322756
323012
323179
324366
325102
325864
325945
325957
326302
326315
326354
326388
326505
326633
326920
327687
328508
328884
328969
328975
329340
329436
329523
329669
329774
329933
330759
330809
330836
331438
331464
331471
331519
331521
331769
331792
332685
332775
333311
333478
333480
333510
333888
333891
334123
334139
334457
334478
335263
335288
335679
336756
337053
337118
337228
337248
337252
337355
338292
338417
338462
339233
339635
339649
339715
339797
339882
339902
340092
340795
342596
342842
343158
344074
344146
344756
345094
345097
345223
345853
346279
346889
347349
347449
347519
347634
347690
347785
348107
348442
348461
348502
348927
349074
349925
349928
349930
349933
350713
350872
350959
350988
351340
353222
353379
353938
353982
354030
354230
354558
354613
354876
354952
355256
355842
356217
356275
356394
356447
356948
357406
357416
357621
358100
358978
359242
359543
360192
360219
360249
360433
360563
360728
360738
361042
361518
361532
361689
361861
362310
362418
363028
363075
363135
363204
363223
363298
363323
363426
363531
363714
364568
364594
364602
364662
364781
364839
364877
365246
365449
365473
365756
366601
366709
367099
367251
367470
367684
367708
367943
368184
368400
368477
369296
369340
369486
369983
369986
370135
371399
371790
372808
373206
373393
373416
373456
373834
374267
375122
375146
376542
376707
376788
376848
376864
377180
377354
377603
377978
378652
378842
380128
380161
380321
380455
380476
380720
380818
381050
382004
382381
382504
382529
382759
382947
383165
383206
383610
385268
385402
385497
385622
385843
385967
386621
387793
387871
388185
388189
388259
388431
388635
388838
389257
389820
390654
390829
390958
391151
391508
391771
391839
392476
393135
393215
393350
393359
393407
393413
393569
394130
394155
394202
394392
396707
396723
396849
397326
397474
399356
399433
399446
399560
399611
399836
400245
400248
400529
400847
401076
401809
401857
401885
401998
402362
402843
402845
403740
404151
404944
405058
405178
405349
405397
405478
405562
405697
406952
407324
407338
407656
407740
408751
408752
408799
408980
408982
409256
409266
410088
410177
410195
410649
410650
411280
411611
412515
412575
412869
412977
413192
413494
413563
413666
413836
413844
414047
414772
414800
414960
415034
415286
415335
415708
415772
415913
415935
416032
416186
416283
416491
416567
416675
416694
416707
417210
417305
417874
418797
418929
418993
418997
419558
419922
420302
420738
420841
421575
421979
422540
422637
422655
422667
423100
424355
424392
424618
426071
427147
427632
427996
428223
428492
428694
429382
429389
429420
429471
429733
430398
430529
431029
431351
431394
431456
431698
431717
431760
431875
432272
432274
432292
432362
432509
432589
432600
433303
433873
433939
433992
434007
434111
434118
434147
434208
434313
434333
434421
434751
434882
435302
435441
435468
436037
436042
436097
436115
436116
436247
436325
436381
436763
436771
436775
436798
436860
437301
437313
437754
437908
437965
437994
438107
438116
438342
438990
439889
440012
440491
441058
441304
441311
441952
442278
442629
443104
443674
443713
443842
443892
443950
444185
444627
445025
445473
445775
445830
446709
446732
446816
446826
446833
446924
446963
447178
447779
447795
447903
448628
448972
449089
450029
450159
450160
450237
450238
450299
450649
452345
452389
452561
452639
453576
454732
455127
455149
455157
455192
455224
455234
455311
455322
455332
455371
455415
455426
455554
455617
455623
455659
455795
456051
456537
456701
457059
457266
457431
457647
457663
458353
458452
458745
458937
459046
459119
459458
459561
459572
459865
459870
459872
459971
461400
461501
461634
461830
461885
462041
462736
462796
463360
463663
463872
464296
464577
464798
464872
465288
465342
465402
465652
465826
465850
465894
466514
466916
467335
467352
467372
467609
467917
468117
468129
468541
468583
468694
468738
468837
468861
469356
469366
469454
469727
469737
469750
469796
470092
470253
470309
470678
470867
470962
470976
471199
471237
471242
471272
471325
471487
471956
471984
472651
474129
474156
474193
474532
474554
474611
474640
474766
474829
475016
475480
475665
475748
475950
476093
477327
477492
477719
477762
478554
478784
479288
479342
480036
480195
480819
480823
480833
480876
480900
480927
480934
480984
480997
481010
481025
481027
481032
481070
481090
481442
481536
481918
481965
481984
482055
482234
482505
483471
483509
483563
483856
484247
484757
485020
485823
486065
486692
486792
487571
487580
487583
487642
488474
488494
488615
488645
488693
488698
488731
488803
488871
489002
489029
489203
489234
489337
489406
489501
489698
490171
490498
491007
491424
491610
491842
492255
492338
492350
492478
492700
493043
494219
494667
494706
494782
495089
495316
495345
495398
495404
495417
495848
495858
495960
496137
496214
496315
496327
496467
500017
500023
500027
500028
500029
500032
500034
500036
500037
500038
500040
500042
500045
500047
500064
500065
500072
500074
500082
500087
500089
500098
500100
500101
500103
500106
500107
500108
500109
500143
500149
500156
500159
500160
500162
500164
500165
500169
500172
500173
500187
500194
500215
500216
500217
500218
500298
500305
500366
500409
500419
500428
500430
500432
500441
500443
500444
500449
500450
500453
500458
500459
500488
500490
500493
500515
500544
500545
500550
500573
500575
500577
500583
500584
500592
500600
500602
500645
500646
500648
500653
500659
500660
500661
500666
500668
500672
500675
500676
500678
500682
500685
500687
500689
500690
500696
500701
500702
500703
500704
500707
500711
500712
500720
500723
500729
500730
500737
500744
500746
500752
500757
500764
500765
500767
500773
500776
500780
500794
500795
500798
500804
500806
500814
500841
500866
500867
500875
500886
500887
500894
500896
500902
500932
500933
500938
500943
500944
500947
500954
500955
500956
500963
500976
501010
501025
501029
501034
501035
501036
501037
501065
501066
501069
501071
501072
501078
501082
501083
501085
501103
501104
501105
501106
501107
501110
501111
501126
501131
501132
501137
501138
501143
501144
501145
501146
501147
501148
501151
501188
501190
501191
501192
501204
501205
501210
501211
501214
501216
501359
501362
501401
501404
501405
501415
501416
501417
501418
501516
501520
501523
501524
501528
501537
501543
501544
501545
501549
501551
501566
501578
501579
501580
501587
501600
501602
501603
501604
501607
501623
501624
501675
501676
501677
501691
501692
501697
501698
501701
501704
501707
501709
501718
501721
501751
501757
501773
501774
501775
501780
501788
501803
501805
501811
501814
501824
501831
501833
501835
501837
501839
501842
501844
501847
501861
501874
501879
501881
501882
501885
501888
501912
501924
501928
501937
501939
501942
501990
501992
502001
502003
502007
502018
502024
502033
502034
502054
502061
502066
502102
502140
502169
502177
502202
502203
502205
502223
502224
502248
502256
502264
502293
502300
502303
502304
502311
502319
502320
502331
502345
502347
502357
502379
502380
502391
502394
502410
502412
502423
502424
502434
502446
502451
502452
502455
502456
502457
502458
502467
502470
502472
502474
502476
502477
502487
502488
502492
502520
502523
502526
502532
502536
502539
502540
502541
502549
502550
502556
502669
502881
502973
503019
503081
503147
503236
503388
503390
503393
503394
503396
503398
503399
503401
503402
503405
503416
503417
503418
503422
503424
503427
503429
503433
503453
503454
503455
503471
503478
503486
503488
503502
503549
503555
503559
503562
503579
503624
503630
503634
503635
503636
503643
503662
503663
503664
503698
503701
503702
503703
503704
503705
503706
503716
503721
503722
503733
503736
503863
503864
503877
503878
503974
504032
504111
504112
504113
504235
504236
504237
504238
504240
504245
504246
504247
504249
504263
504266
504355
504409
504411
504413
504417
504419
504443
504448
504491
504537
504752
504753
504763
504767
504768
504769
504778
504780
504782
504792
504823
504879
504924
504972
504994
505113
505134
505137
505138
505149
505150
505180
505240
505241
505246
505256
505263
505265
505266
505267
505269
505301
505302
505331
505332
505368
505369
505378
505379
505383
505387
505388
505390
505391
505415
505416
505423
505427
505435
505454
505523
505524
505526
505527
505530
505534
505536
505542
505547
505583
505609
505611
505612
505613
505618
505619
505620
505622
505623
505626
505634
505643
505645
505647
505654
505707
505743
505744
505752
505767
505770
505772
505773
505774
505775
505780
505789
505790
505791
505802
505803
505808
505895
505966
505967
505968
505969
505989
505990
505991
505992
506006
506014
506016
506017
506018
506019
506033
506108
506111
506115
506116
506118
506122
506123
506154
506157
506158
506159
506169
506172
506179
506180
506181
506184
506221
506311
506360
506364
506371
506384
506390
506391
506392
506393
506394
506402
506421
506425
506428
506431
506465
506467
506469
506473
506494
506495
506496
506499
506500
506507
506515
506555
506567
506570
506574
506575
506577
506615
506706
507013
507039
507084
507124
507304
507620
507684
507690
507694
507697
507714
507923
508125
508342
508625
508626
508633
508653
508665
508669
508671
508690
508701
508702
508716
508830
508833
508914
508998
509013
509068
509243
509247
509313
509460
509462
509464
509505
509524
509604
509658
509689
509691
509692
509702
509703
509704
509720
509721
509723
509731
509736
509948
510040
510478
510481
510489
510515
510521
510522
510616
510705
510710
510712
510746
510759
510767
510768
510769
510772
510794
510800
510951
511040
511042
511047
511049
511061
511062
511075
511083
511085
511086
511088
511090
511092
511112
511116
511120
511167
511187
511188
511191
511204
511210
511213
511220
511221
511236
511238
511239
511251
511266
511273
511279
511292
511295
511296
511299
511301
511302
511345
511353
511364
511368
511385
511394
511397
511398
511399
511409
511413
511414
511419
511434
511446
511447
511453
511462
511463
511464
511465
511466
511469
511531
511532
511543
511544
511546
511552
511553
511567
511573
511586
511588
511595
511613
511614
511621
511632
511641
511653
511657
511661
511664
511666
511668
511671
511681
511707
511711
511712
511718
511728
511729
511738
511740
511749
511762
511763
511781
511786
511819
511827
511837
511838
511839
511864
511865
511866
511868
511869
511901
511929
511931
511977
512000
512003
512006
512019
512021
512024
512029
512030
512044
512046
512064
512076
512078
512124
512147
512155
512159
512160
512194
512204
512214
512232
512233
512234
512236
512237
512242
512321
512351
512438
512441
512444
512447
512461
512543
512671
512872
512940
512949
513182
513231
513254
513302
513304
513308
513309
513322
513323
513324
513326
513404
513408
513409
513410
513415
513425
513433
513441
513443
513445
513446
513448
513464
513472
513473
513474
513486
513487
513491
513495
513543
513634
513684
513735
513795
513816
514275
514276
514290
514307
514309
514317
514322
514409
514439
514441
514446
514448
514465
514466
514483
514491
514493
514511
514512
514513
514514
514551
514552
514553
514556
514559
514573
514587
514606
514613
514618
514619
514626
514633
514638
514646
514652
514655
514656
514691
514692
514695
514696
514707
514720
514721
514735
514736
514737
514738
514739
514748
514751
514769
514771
514782
514803
514804
514805
514812
514816
514818
514836
514879
514884
514885
514887
514935
514937
514938
514943
514946
514982
514989
514993
514994
514999
515018
515019
515020
515030
515062
515063
515083
515084
515085
515100
515132
515142
515173
515174
515175
515176
515177
515178
515181
515182
515184
515188
515191
515192
515199
515210
515213
515214
515217
515218
515219
515231
515232
515233
515238
515240
515258
515299
515313
515319
515321
515322
515323
515324
515325
515326
515327
515342
515348
515349
515354
515397
515398
515399
515402
515403
515407
515412
515421
515428
515434
515435
515436
515441
515442
515471
515472
515474
515488
515493
515512
515520
515527
515529
515546
515548
515549
515551
515555
515558
515562
515576
515577
515579
515581
515582
515585
515588
515590
515594
515596
515611
515614
515616
515617
515639
515645
515650
515660
515661
515669
515670
515675
515704
515707
515735
515744
515798
515805
515864
515873
515874
515875
515880
515882
515886
515889
515890
515899
515903
515909
515918
515919
515949
515965
515980
515981
515982
515983
515985
515986
516038
516119
516128
516129
516130
516198
516200
516201
516210
516211
516314
516317
516318
516320
516325
516499
516500
516504
516564
516572
516582
516659
516664
516680
516684
516693
516694
516698
516702
516708
516731
516746
516747
516749
516751
516752
516753
516783
516784
516802
516804
516806
516817
516819
516833
516836
516845
516846
516847
516848
516851
516857
516858
516859
516864
516885
516886
516894
516895
516934
517142
517290
517335
517547
517567
517696
517699
517701
517703
517704
517705
517707
517729
517731
517732
517734
517748
517749
517754
517764
517779
517801
517904
517905
517919
517920
517926
517927
517933
517945
517946
517959
517960
517961
517963
517964
517965
517976
517977
517992
517996
518016
518061
518116
518117
518118
518130
518144
518156
518158
518159
518171
518172
518173
518183
518188
518189
518219
518221
518222
518224
518228
518229
518232
518241
518242
518244
518253
518286
518288
518289
518290
518299
518300
518304
518305
518306
518321
518325
518331
518344
518351
518357
518372
518384
518386
518391
518394
518396
518397
518398
518399
518400
518403
518404
518439
518445
518476
518487
518488
518489
518490
518492
518494
518495
518519
518524
518525
518526
518529
518561
518627
518629
518631
518633
518636
518689
518690
518738
518793
518796
518797
518801
518803
518806
518807
518811
518818
518819
518822
518824
518831
518832
518850
518868
518869
518898
518925
518927
518928
518945
518946
518947
518948
518999
519009
519035
519051
519089
519130
519132
519135
519138
519140
519141
519147
519148
519149
519150
519151
519246
519247
519257
519258
519295
519318
519319
519330
519345
519437
519449
519454
519455
519461
519464
519466
519509
519533
519548
519550
519551
519552
519553
519559
519572
519577
519579
519648
519660
519704
519745
519751
519752
519802
519822
519823
519869
519941
519944
519945
519949
519953
519958
519959
519960
519961
520012
520013
520043
520051
520106
520122
520123
520124
520143
520146
520147
520148
520149
520191
520211
520212
520214
520289
520360
520393
520395
520400
520405
520413
520478
520485
520505
520597
520616
520663
520664
520668
520672
520728
520730
520742
520743
520744
520745
520747
520748
520757
520802
520850
520892
520896
520898
520900
520909
520910
520911
520912
520921
520922
520924
520925
520926
520941
520988
521007
521009
521013
521015
521016
521060
521061
521177
521178
521180
521257
521340
521346
521383
521742
521794
521802
521970
522185
522188
522193
522194
522196
522197
522199
522242
522257
522262
522404
522405
522406
522409
522410
522411
522433
522434
522440
522441
522442
522443
522444
522447
522449
522451
522453
522737
522899
522967
523061
523063
523064
523065
523066
523067
523068
523069
523070
523073
523076
523079
523089
523092
523096
523101
523102
523104
523105
523106
523107
523111
523114
523115
523117
523120
523121
523125
523260
523273
523364
523365
523369
523370
523414
523564
523706
523804
523811
523904
524014
524052
524146
524447
524545
524586
524594
524859
525010
525312
525416
525597
525598
525601
525602
525604
525608
525609
525611
525613
525614
525615
525616
525619
525624
525629
525635
525636
525637
525639
526062
526063
526223
526224
526228
526229
526230
526237
526238
526239
526241
526242
526244
526246
526249
526390
526465
526470
526474
526479
526481
526482
526600
526719
526805
526882
526883
526887
526890
526900
526902
526903
526905
526907
526921
526923
526976
527079
527080
527099
527101
527171
527172
527173
527174
527182
527184
527186
527187
527204
527205
527206
527218
527306
527346
527495
527592
527595
527596
527598
527958
527967
527971
527972
527975
527976
527978
527979
527980
527981
527982
527984
527985
527986
527991
527992
528037
528098
528099
528275
528277
528279
528300
528304
528305
528308
528309
528310
528313
528314
528315
528316
528318
528319
528321
528323
528324
528325
528326
528371
528373
528421
528422
528423
528484
528485
528488
528489
528490
528492
528661
528662
528808
528810
528811
528935
528992
528993
529191
529192
529194
529196
529197
529198
529199
529205
529238
529245
529246
529247
529248
529264
529400
529402
529405
529410
529411
529412
529413
529433
529438
529439
529495
529565
529566
529567
529568
529569
529571
529572
529573
529574
529576
529577
529675
529933
529945
529946
529948
529950
529951
529953
529954
529955
529956
529957
529960
530005
530008
530016
530026
530029
530052
530059
530098
530099
530100
530134
530135
530137
530139
530149
530150
530156
530158
530197
530217
530218
530219
530220
530221
530222
530227
530228
530295
530300
530301
530302
530309
530312
530313
530314
530360
530361
530362
530363
530365
530399
530401
530402
530403
530414
530415
530530
530632
530634
530636
530646
530694
530695
530726
530729
530751
530792
530799
530818
530821
530824
530877
530883
530884
530929
530957
530963
530964
531077
531129
531130
531135
531138
531139
531175
531176
531227
531231
531232
531233
531234
531237
531239
531246
531248
531266
531268
531273
531277
531283
531288
531295
531296
531297
531298
531299
531304
531307
531310
531312
531337
531369
531406
531408
531456
531487
531505
531508
531535
531536
531552
531605
531610
531636
531664
531668
531673
531674
531692
531723
531729
531734
531735
531760
531803
531817
531835
531857
531858
531909
531922
531925
531926
532048
532065
532089
532151
532154
532155
532156
532162
532165
532166
532183
532184
532192
532397
532505
532564
532683
532735
532814
532835
532888
532928
532938
532979
533001
533002
533009
533027
533028
533029
533032
533040
533041
533042
533079
533082
533083
533084
533107
533229
533273
533323
533325
533343
533438
533516
533544
533602
533603
533605
533606
533618
533620
533621
533622
533837
533863
533873
533894
533909
534008
534010
534011
534035
534107
534110
534111
534112
534235
534438
534525
534663
535130
535253
535254
535255
535256
535258
535259
535260
535284
535288
535289
535291
535293
535296
535661
535710
535971
535973
535974
535975
535976
535978
536039
536040
536042
536043
536044
536045
536046
536049
536050
536051
536104
536122
536142
536358
536359
536360
536361
536750
536787
536978
536981
536982
536985
536986
537085
537127
537128
537129
537132
537134
537139
537322
537351
537469
537573
537581
537673
537714
537783
537805
537807
537811
537813
537814
537846
537868
537870
537872
537873
537998
538015
538032
538403
538512
538530
538601
538604
538605
538613
538614
538615
538616
538628
538630
538632
538635
538636
538637
538754
538755
538757
538759
538760
538832
538856
538944
539142
539145
539154
539157
539256
539308
539354
539367
539422
539427
539429
539439
539441
539445
539446
539452
539453
539454
539455
539457
539460
539565
539639
539640
539641
539642
539644
539650
539651
539654
539657
539678
539750
539782
539783
539790
539793
539795
539810
539825
539828
539880
539888
539890
539893
539912
539915
539919
539920
539948
539990
540060
540061
540063
540067
540080
540132
540213
540233
540235
540236
540237
540287
540290
540292
540293
540312
540313
540314
540316
540318
540340
540477
540478
540479
540480
540482
540484
540485
540503
540506
540507
540508
540510
540603
540633
540636
540637
540639
540640
540666
540667
540669
540702
540779
540853
540913
540914
540915
540916
540917
540918
540919
540920
540921
540922
540923
540928
540929
540930
540960
540980
541027
541036
541037
541038
541039
541040
541041
541043
541044
541141
541219
541220
541221
541223
541224
541229
541311
541315
541549
541555
541556
541558
541559
541563
541565
541569
541570
541571
541572
541608
541620
541665
541709
541718
541719
541723
541726
541727
541728
541736
541742
541743
541747
541750
541923
541927
541928
541929
541937
541942
541945
541946
541970
541972
541973
542058
542059
542064
542086
542107
542149
542152
542160
542194
542204
542205
542224
542225
542247
542266
542267
542324
542332
542334
542336
542340
542352
542361
542362
542368
542409
542425
542426
542427
542463
542469
542481
542482
542489
542505
542568
542580
542587
542601
542602
542608
542609
542610
542612
542632
542638
542639
542650
542724
542727
542733
542802
542803
542804
542805
542806
542807
542808
542809
542810
542815
542816
542843
542844
542845
542846
542851
542853
542854
542868
542869
542870
542871
542872
542874
542880
542890
542898
542899
542900
542902
542903
542904
542911
542913
542914
542916
542917
542918
543166
543182
543186
543187
543197
543211
543438
543439
543441
543449
543473
543640
543657
543664
543682
543742
543747
543824
543850
543926
543970
544077
544153
544241
544245
544246
544247
544248
544251
544254
544255
544269
544270
544271
544295
544296
544351
544355
544363
544364
544365
544379
544392
544393
544404
544421
544422
544427
544431
544432
544433
544440
544445
544446
544458
544475
544476
544477
544480
544488
544489
544490
544491
544492
544493
544494
544495
544498
544553
544569
544702
544720
544723
544726
544732
544733
544734
544735
544736
544737
544738
544739
544745
544748
544749
544750
544759
544773
544774
544806
544833
544915
545041
545286
545433
545655
545733
545802
546029
546193
546244
546279
546328
546382
546425
546426
546519
546659
546693
546694
546696
546697
546702
546704
546705
546713
546714
546728
546729
546730
546731
546736
546737
546749
546750
546751
546752
546770
546774
546914
546938
546939
546940
547049
547059
547086
547229
547312
547456
547583
547584
547585
547586
547587
547590
547591
547593
547604
547605
547606
547607
547608
547609
547615
547616
547618
547619
547622
547623
547624
547652
547734
548077
548080
548081
548082
548083
548084
548210
548259
548347
548348
548350
548352
548599
548600
548602
548604
548623
548630
548631
548632
548644
548646
548647
548880
548931
548933
549012
549027
549088
549197
549198
549371
549372
549373
549395
549398
549399
549400
549402
549403
549405
549406
549411
549414
549417
549418
549613
549614
549626
549628
549651
549652
549655
549661
549680
549688
549705
549709
549710
549741
549803
549804
549806
549814
549815
549816
549818
549998
549999
550001
550003
550004
550005
550006
550021
550100
550106
550111
550114
550115
550116
550126
550165
550226
550231
550232
550233
550235
550244
550246
550258
550259
550260
550261
550262
550263
550354
550539
550585
550698
550701
550703
550713
550714
550715
550746
550748
550749
550751
550752
550766
550833
550887
550890
550891
550894
550901
550906
550909
550917
550923
550924
550925
550926
550927
550957
550974
550977
550978
550979
550981
550982
550990
551044
551186
551188
551189
551191
551206
551337
551338
551339
551340
551341
551343
551346
551355
551359
551362
551556
551641
551696
551698
551699
551702
551703
551704
551721
551722
551723
551726
551727
551741
551801
551802
551803
551806
551971
551997
551998
551999
552000
552002
552005
552006
552017
552018
552019
552020
552021
552032
552035
552036
552039
552046
552048
552049
552050
552051
552116
552117
552119
552120
552172
552236
552237
552238
552239
552240
552242
552270
552291
552292
552293
552297
552298
552299
552300
552301
552304
552305
552308
552323
552329
552344
552346
552454
552473
552505
552574
552575
552576
552578
552579
552580
552581
552583
552584
552609
552610
552613
552614
552620
552623
552624
552625
552727
552804
552809
552821
552939
553002
553184
553187
553188
553189
553190
553192
553193
553194
553195
553196
553197
553198
553199
553201
553202
553213
553214
553215
553217
553218
553219
553220
553221
553222
553291
553294
553297
553299
553300
553303
553304
553305
553644
553646
553647
553650
553697
553789
553795
553797
553798
553804
553807
553808
553810
553811
553812
553815
553816
553819
553820
553825
553914
553982
553983
553985
553989
554084
554106
554110
554111
554125
554127
554128
554129
554134
554171
554172
554174
554188
554192
554194
554204
554206
554207
554214
554229
554237
554247
554268
554271
554280
554282
554298
554300
554302
554303
554322
554325
554443
554446
554447
554448
554449
554450
554458
554459
554486
554517
554528
554529
554530
554532
554533
554536
554547
554551
554564
554565
554573
554584
554602
554603
554606
554607
554608
554609
554610
554613
554622
554633
554676
554677
554683
554690
554691
554704
554718
554719
554720
554721
554734
554785
554788
554789
554805
554836
554837
554838
554839
554913
555041
555042
555043
555047
555048
555049
555165
555167
555168
555169
555170
555171
555183
555506
555513
555537
555538
555587
555606
555663
555774
555779
555839
555886
555888
555889
555890
555896
555897
555898
555903
555905
555906
555908
555934
555936
555942
555954
555961
555962
556043
556172
556187
556190
556229
556252
556337
556338
556339
556356
556407
556418
556538
556545
556575
556663
556678
556746
556747
556750
556757
556758
556761
556770
557270
557663
557712
557714
557715
557716
557717
557718
557719
557720
557722
557730
557732
557733
557741
557743
557744
557746
557747
557748
557753
557757
557758
557759
557761
557762
557786
557788
557789
557797
557799
557800
557803
557816
557864
557900
557905
557906
557909
557910
557911
557985
558044
558116
558200
558243
558298
558334
558363
558364
558447
558575
558728
558826
558830
559102
559103
559108
559109
559110
559113
559117
559118
559119
559121
559123
559127
559131
559132
559133
559140
559141
559147
559150
559154
559156
559166
559167
559168
559169
559170
559737
559738
559747
559751
559752
559762
559764
559768
559769
559784
559785
559786
559787
559789
560134
560472
560473
560475
560476
560477
560557
560912
561071
561276
561285
561375
561543
561545
561547
561550
561551
561552
561557
561562
561563
561564
561565
561566
561567
561568
561570
561614
561615
561616
561619
561920
561986
561987
561988
561992
561993
562009
562010
562012
562085
562093
562095
562096
562097
562099
562100
562101
562236
562411
562412
562413
562418
562419
562426
562427
562431
562564
562565
562566
562573
562574
562575
562576
562577
562794
562796
562798
562799
562802
562804
562809
562812
562813
562814
562815
562820
563008
563026
563027
563028
563029
563033
563036
563062
563077
563098
563158
563164
563167
563172
563179
563180
563181
563182
563183
563184
563185
563189
563191
563192
563197
563210
563211
563212
563213
563214
563215
563463
563794
563834
563916
563917
563918
563920
563921
563926
564011
564012
564013
564015
564018
564208
564209
564210
564211
564213
564224
564225
564227
564228
564229
564230
564231
564232
564233
564245
564246
564247
564248
564249
564250
564261
564262
564263
564266
564284
564521
564523
564524
564525
564526
564527
564528
564529
564530
564598
564600
564644
564648
564650
564651
564739
564874
565118
565232
565236
565237
565238
565239
565240
565241
565245
565246
565248
565249
565250
565252
565254
565257
565258
565260
565262
565263
565264
565265
565277
565283
565285
565287
565288
565289
565291
565416
565456
565480
565540
565552
565560
565561
565562
565563
565564
565566
565568
565569
565574
565579
565582
565583
565584
565594
565620
565621
565622
565628
565650
565661
565746
565785
565820
565828
565829
565838
565842
565844
565852
565854
565857
565862
565871
565964
566109
566131
566281
566285
566287
566288
566289
566293
566294
566295
566296
566298
566300
566301
566308
566310
566317
566341
566416
566417
566418
566419
566420
566421
566422
566426
566427
566428
566429
566452
566453
566456
566457
566459
566460
566461
566497
566499
566516
566552
566554
566555
566557
566569
566570
566573
566576
566579
566582
566583
566584
566586
566588
566630
566819
566822
566833
566834
566835
566836
566915
566916
566919
566920
566921
566922
566923
566925
566984
567012
567013
567014
567056
567058
567067
567068
567090
567091
567092
567115
567129
567146
567248
567258
567263
567267
567268
567270
567271
567275
567276
567277
567375
567376
567377
567391
567393
567394
567398
567400
567401
567424
567425
567484
567487
567604
567609
567610
567615
567617
567635
567641
567642
567656
567667
567668
567670
567680
567687
567696
567698
567699
567712
567723
567728
567746
567807
567808
567810
567817
567821
567822
567824
567830
567834
567916
567926
567934
567935
567936
567951
567952
567973
567974
567977
567984
567997
568000
568008
568070
568125
568138
568139
568141
568145
568147
568154
568155
568344
568346
568348
568354
568355
568358
568359
568360
568364
568365
568375
568377
568381
568384
568619
568654
568763
568771
568772
568777
568778
568779
568782
568783
568784
568786
568790
568792
568793
568794
568795
568796
568800
568805
568807
568810
568836
568884
568885
568887
568888
568889
568906
568907
568908
568914
568915
568922
568923
568924
569076
569266
569268
569335
569346
569431
569432
569433
569449
569450
569473
569474
569475
569476
569477
569478
569485
569486
569487
569488
569490
569491
569493
569494
569786
569787
569810
569825
569854
569855
569865
569866
569867
569869
569870
569872
569878
569980
570000
570848
570864
570865
570867
570870
570871
570873
570874
570875
570879
570894
570899
570908
570911
570912
570913
570914
570915
570916
570917
570918
570919
570920
570936
570938
570948
570970
571060
571062
571099
571100
571101
571102
571103
571105
571107
571108
571109
571110
571111
571114
571119
571121
571122
571123
571125
571131
571132
571134
571140
571149
571152
571153
571208
571209
571228
571236
571246
571247
571248
571253
571254
571256
571258
571259
571260
571264
571265
571318
571319
571451
571543
571622
571623
571626
571627
571628
571629
571677
571948
571995
571999
572000
572001
572002
572004
572005
572009
572015
572053
572201
572202
572203
572211
572212
572214
572215
572216
572319
572348
572349
572350
572396
572497
572530
572558
572590
572600
572694
572699
572706
572707
572742
572743
572745
572746
572747
572748
572750
572752
572753
572754
572756
572763
572764
572765
572766
572767
572771
572772
572786
572787
572788
572873
572874
572875
572879
572880
572881
572971
572977
573016
573018
573019
573020
573022
573026
573027
573037
573040
573042
573165
573330
573336
573343
573344
573346
573347
573348
573702
573721
573732
573775
573839
573854
573959
573964
573966
573974
573975
573992
573995
574003
574004
574005
574006
574060
574068
574070
574073
574074
574075
574076
574107
574109
574192
574193
574195
574202
574211
574212
574214
574215
574217
574218
574220
574221
574322
574323
574324
574326
574366
574367
574368
574385
574416
574421
574422
574426
574429
575031
575057
575060
575070
575072
575075
575076
575079
575083
575084
575091
575094
576058
576266
576370
576419
576420
576426
576428
576431
576453
576562
576564
576569
576571
576575
576580
576582
576583
576721
576723
576833
576834
576836
576837
576838
576839
576841
576852
576931
577063
577247
577248
577254
577343
577344
577679
578047
578069
578071
578072
578073
578074
578081
578083
578089
578090
578091
578093
578095
578096
578133
578369
578385
578469
578489
578679
578680
578681
578827
578930
578931
579014
579015
579073
579152
579154
579155
579156
579157
579158
579161
579163
579164
579169
579170
579175
579237
579255
579361
579431
579437
579478
579520
579534
579600
579777
579805
579807
579809
579810
579811
579813
579828
579831
579836
579837
579855
579856
579857
579858
579859
579860
579861
579862
579863
579864
579865
579867
579924
580293
580370
580371
580372
580373
580374
580375
580377
580378
580380
580404
580422
580425
580587
580610
580685
580686
580687
580689
580694
580695
580698
580700
580702
580706
580707
580857
580875
580876
580878
580880
580881
580883
580884
580891
580907
580908
580922
580924
580927
580928
580937
580938
581253
581279
581280
581288
581372
581373
581515
581637
581740
581955
581956
581957
581958
581959
582180
582184
582185
582187
582198
582208
582214
582217
582228
582242
582484
582592
582769
582789
582819
582979
583062
583063
583064
583067
583082
583106
583122
583124
583129
583130
583132
583133
583141
583142
583215
583355
583382
583462
583463
583464
583466
583469
583470
583474
583475
583494
583495
583496
583501
583502
583503
583580
583763
583807
583808
583834
583850
583860
583895
583898
583899
583901
583904
584197
584198
584208
584284
584402
584526
584542
584575
584585
584587
584667
584678
584679
584682
584688
584691
584694
584923
585001
585201
585253
585398
585991
586023
586024
586033
586193
586194
586439
586440
586446
586598
586752
586760
586763
586764
586792
586793
587229
587231
587232
587501
587502
587506
587507
587508
587510
587513
587514
587515
587520
587523
587527
587530
587714
588138
588344
588394
588667
588799
588802
588817
588822
588825
588826
588827
588831
588833
588836
588838
588868
588871
589034
589232
589305
589357
589803
590050
590052
590067
590078
590182
590213
590258
590441
590495
590635
590799
590925
590969
591170
591174
591176
591177
591348
591464
591532
591533
591534
591536
591542
591543
591700
591916
592021
592027
592028
592029
592058
592062
592064
592071
592132
592169
592170
592181
592199
592201
592202
592203
592239
592240
592241
592242
592243
592244
592245
592247
592266
592301
592303
592305
592306
592307
592308
592309
592312
592385
592386
592387
592388
592389
592390
592391
592393
592395
592396
592397
592398
592436
592453
592454
592456
592476
592532
592533
592534
592535
592573
592580
592587
592592
592593
592596
592680
592681
592682
592683
592684
592685
592686
592687
592691
592696
592747
592757
592937
592940
592943
592989
592990
592991
593014
593025
593094
593095
593133
593247
593250
593261
593264
593305
593306
593307
593308
593309
593312
593317
593321
593324
593326
593327
593328
593329
593382
593386
593404
593405
593414
593416
593417
593419
593420
593428
593429
593435
593462
593614
593621
593622
593625
593627
593652
593660
593661
593693
593775
593777
593778
593781
593782
593826
593842
593849
593966
594066
594067
594069
594070
594071
594072
594073
594077
594078
594079
594083
594084
594090
594093
594094
594095
594096
594097
594099
594299
594467
594704
594706
594708
594810
594812
594813
594814
594822
594877
594968
594969
594971
594972
594973
594974
594975
594977
594979
595018
595020
595021
595023
595025
595027
595029
595031
595032
595033
595034
595035
595039
595040
595041
595042
595044
595045
595048
595084
595127
595238
595281
595282
595309
595507
595574
595580
595660
595662
595663
595668
595670
595671
595672
595674
595678
595679
595680
595681
595682
595687
595688
595722
595725
595726
595768
595774
595784
595787
595788
595789
595790
595791
595792
595793
595794
595914
595915
596058
596083
596085
596087
596090
596106
596110
596146
596251
596290
596292
596294
596295
596301
596471
596516
596518
596519
596520
596521
596522
596523
596524
596525
596526
596527
596529
596532
596533
596534
596535
596815
596846
596864
596871
597087
597110
597111
597112
597118
597124
597125
597126
597129
597130
597144
597146
597148
597191
597197
597199
597200
597201
597202
597204
597205
597206
597207
597208
597210
597548
597549
597550
597551
597555
597559
597560
597561
597562
597563
597564
597566
597568
597569
597571
597572
597587
597590
597599
597620
597621
597622
597624
597625
597626
597627
597629
597632
597645
597703
597704
597710
597712
597716
597719
597791
597792
597813
597850
597851
597862
597867
597868
597896
597897
597899
597900
597906
597907
597908
597925
597964
597965
597968
597969
597971
598017
598018
598027
598028
598029
598038
598042
598046
598048
598119
598120
598145
598146
598147
598158
598168
598169
598170
598241
598242
598247
598249
598250
598251
598252
598353
598354
598355
598379
598380
598537
598538
598589
598633
598639
598640
598641
598642
598643
598652
598653
598656
598657
598676
598708
598709
598710
598746
598748
598749
598754
598888
598892
598894
598897
598904
598906
598907
598911
598970
598971
599035
599102
599103
599105
599106
599107
599109
599110
599111
599113
599115
599116
599140
599545
599738
599829
599833
599836
599837
599849
599850
599851
599853
599854
599856
599857
599876
599877
599878
599891
599966
600014
600016
600018
600019
600020
600099
600101
600102
600154
600228
600231
600232
600251
600255
600256
600257
600258
600259
600260
600290
600410
600412
600413
600470
600500
600644
600681
600898
600900
600934
600935
600936
600938
600970
600971
600973
600980
601091
601214
601215
601217
601218
601250
601252
601253
601254
601263
601285
601288
601289
601290
601296
601300
601318
601331
601335
601336
601337
601338
601355
601356
601405
601407
601474
601475
601476
601477
601478
601480
601485
601486
601535
601557
601560
601561
601562
601563
601686
601687
601695
601696
601699
601759
601775
601776
601783
601802
601805
601817
601818
601819
601866
601870
601879
601900
601911
601912
601913
601976
601984
601985
601987
601990
602004
602049
602051
602127
602129
602256
602424
602504
602546
602547
602548
602549
602550
602565
602566
602574
602575
602577
602578
602579
602581
602582
602612
602618
602658
602666
602712
602741
602746
602747
602748
602802
602803
602810
602828
602829
602830
602834
602835
602841
602844
602848
602852
602853
602855
602870
602871
602875
603010
603011
603012
603018
603020
603021
603031
603060
603062
603063
603071
603076
603088
603186
603187
603188
603194
603196
603282
603283
603285
603369
603376
603379
603421
603451
603548
603652
603655
603663
603667
603672
603673
603674
603694
603704
603732
603748
603771
603851
603852
603891
603914
603924
603926
603946
603952
603974
603976
603977
603978
603979
603982
603983
603984
603985
603986
603991
604001
604002
604003
604025
604027
604065
604122
604189
604196
604201
604203
604210
604252
604307
604320
604321
604322
604335
604343
604380
604381
604385
604390
604402
604409
604412
604416
604424
604426
604442
604448
604454
604455
604456
604476
604511
604512
604513
604525
604526
604620
604621
604626
604646
604648
604649
604653
604693
604703
604704
604705
604784
604785
604786
604798
604813
604814
604823
604851
604852
604862
604863
604867
604874
604999
605011
605056
605081
605101
605104
605106
605108
605120
605162
605164
605166
605187
605255
605265
605309
605317
605330
605368
605397
605403
605405
605530
605682
605700
605727
605732
605735
605736
605879
605905
605980
605988
606012
606017
606019
606020
606021
606044
606059
606124
606125
606127
606128
606130
606131
606132
606160
606191
606197
606199
606200
606207
606208
606209
606210
606225
606226
606227
606228
606230
606257
606267
606280
606283
606284
606306
606509
606617
606620
606623
606640
606654
606695
606701
606717
606729
606845
606852
606891
606930
606932
606933
607028
607030
607039
607085
607143
607252
607280
607449
607454
607479
607506
607587
607588
607590
607591
607593
607606
607656
607743
607904
607984
607998
608113
608221
608225
608226
608227
608229
608230
608240
608259
608268
608269
608270
608284
608285
608307
608310
608311
608317
608335
608385
608386
608388
608389
608394
608395
608472
608473
608474
608475
608476
608477
608478
608556
608558
608562
608564
608565
608568
608572
608575
608576
608577
608578
608579
608580
608730
608741
608818
608876
608894
608910
608912
608913
608914
608917
608918
608920
608923
608924
608925
608926
609163
609164
609165
609169
609208
609325
609390
609391
609392
609393
609394
609395
609398
609467
609533
609672
609679
609680
609774
609859
609864
609866
609868
609869
609987
609988
610015
610117
610414
610420
610421
610422
610423
610427
610577
610578
610579
610582
610668
610757
610844
610949
611239
611266
611382
611388
611389
611429
611430
611432
611466
611492
611515
611519
611571
611572
611574
611577
611593
611594
611596
611597
611599
611610
611611
611612
611615
611624
611697
611706
611707
611709
611723
611934
611936
611937
611938
611939
611957
611960
611990
611992
611993
612142
612181
612183
612224
612225
612227
612228
612278
612373
612375
612597
612715
612726
612727
612731
612738
612747
612773
612800
612804
612805
612823
612828
612869
612917
612926
612927
612930
612936
612939
612941
613004
613122
613123
613124
613125
613126
613127
613128
613129
613130
613134
613135
613137
613193
613200
613223
613226
613227
613244
613245
613246
613292
613294
613295
613296
613299
613311
613314
613365
613399
613403
613404
613405
613406
613408
613436
613492
613493
613494
613496
613497
613498
613514
613516
613518
613519
613520
613521
613523
613524
613526
613527
613528
613587
613588
613616
613617
613659
613672
613766
613767
613775
613777
613778
613779
613781
613783
613857
613877
613878
613879
613881
613883
613884
613885
613887
613889
613967
613969
613970
613972
614116
614232
614234
614235
614245
614246
614247
614296
614314
614330
614355
614453
614454
614455
614456
614473
614579
614582
614600
614647
614648
614650
614709
614710
614776
614781
614782
614784
614785
614786
614829
614854
614855
614858
614861
614862
614863
614886
614892
614893
614896
614898
614954
614960
614961
615058
615063
615064
615067
615070
615073
615081
615082
615083
615085
615087
615090
615091
615137
615161
615183
615184
615185
615186
615240
615242
615243
615244
615245
615246
615248
615289
615290
615294
615296
615297
615396
615559
615561
615568
615569
615570
615574
615575
615576
615589
615591
615592
615594
615605
615607
615608
615609
615610
615611
615612
615634
615635
615637
615638
615661
615662
615663
615665
615666
615678
615704
615708
615743
615745
615749
615750
615754
615756
615757
615760
615763
615764
615841
615842
615875
615878
615889
615941
615948
615955
615958
615959
615960
615962
615963
616042
616043
616045
616046
616049
616050
616052
616053
616066
616172
616173
616175
616176
616200
616215
616216
616237
616240
616242
616243
616245
616247
616307
616313
616314
616357
616400
616401
616404
616406
616416
616417
616418
616421
616446
616451
616453
616454
616461
616462
616498
616505
616508
616509
616510
616512
616514
616515
616519
616533
616558
616560
616561
616563
616606
616617
616715
616724
616725
616736
616741
616742
616745
616748
616750
616751
616752
616756
616757
616793
616794
616798
616800
616801
616833
616834
616858
616891
616892
616896
616924
616926
616975
616976
616978
616979
617055
617085
617280
617329
617335
617336
617364
617366
617368
617430
617432
617433
617434
617435
617436
617572
617609
617629
617735
617742
617745
617760
617761
617762
617767
617787
617827
617830
617839
617840
617843
617893
617894
617936
617942
618026
618028
618035
618048
618057
618090
618093
618097
618098
618123
618137
618138
618167
618171
618198
618202
618206
618223
618224
618279
618297
618315
618320
618321
618322
618328
618330
618333
618336
618349
618350
618351
618357
618361
618363
618365
618385
618406
618409
618422
618423
618428
618429
618438
618455
618474
618478
618484
618529
618551
618664
618672
618697
618698
618699
618700
618702
618734
618754
618755
618756
618771
618797
618800
618806
618822
618960
618965
619013
619014
619017
619018
619048
619059
619074
619076
619077
619078
619085
619109
619111
619119
619123
619125
619126
619127
619129
619131
619132
619133
619179
619322
619323
619351
619352
619353
619367
619374
619397
619449
619450
619456
619488
619532
619533
619570
619572
619573
619574
619575
619576
619578
619579
619595
619596
619598
619599
619600
619601
619602
619668
619708
619856
619857
619859
619860
619861
619920
619936
619937
619938
620043
620050
620051
620064
620138
620160
620200
620295
620296
620301
620302
620303
620363
620384
620385
620386
620387
620472
620515
620539
620540
620635
620637
620638
620640
620720
620721
620722
620723
620724
620725
620824
620980
621082
621086
621090
621091
621094
621096
621097
621098
621099
621100
621321
621322
621323
621324
621325
621326
621328
621329
621689
621728
622023
622024
622025
622026
622027
622028
622119
622123
622128
622129
622130
622131
622132
622133
622138
622197
622542
622638
622812
622847
622885
622920
622961
622962
622963
622964
622965
622966
623200
623203
623217
623226
623227
623290
623365
623369
623677
623682
623913
623914
623915
623916
623917
623918
623920
623921
623986
624020
624022
624023
624024
624025
624026
624045
624118
624129
624130
624131
624231
624234
624310
624311
624313
624316
624366
624609
624683
624713
624726
624728
624733
624736
624737
624738
624739
624740
624741
624743
625110
625413
625416
625417
625440
625441
625443
625444
625536
625577
625633
625634
625636
625721
625753
625754
625755
625763
625764
625789
625839
625922
625923
625925
625929
625930
625931
625937
625938
625942
625943
625944
625945
625946
625947
625948
625949
625950
625953
625963
626130
626131
626132
626208
626209
626210
626211
626212
626213
626320
626321
626324
626326
626338
626412
626415
626416
626604
626708
626710
626711
626713
626714
626715
626716
626717
626725
626726
626727
626729
626731
626769
626926
627050
627070
627077
627079
627089
627113
627115
627183
627184
627286
627314
627381
627383
627388
627418
627463
627559
627560
627572
627642
627727
627803
627834
627891
627910
627912
627913
627915
627916
627917
627918
627920
627921
627954
628163
628164
628269
628276
628277
628278
628280
628281
628286
628289
628290
628291
628292
628293
628406
628407
628408
628411
628412
628413
628414
628424
628425
628426
628427
628428
628429
628430
628432
628456
628516
628603
628608
628619
628620
628621
628637
628638
628639
628640
628641
628642
628666
628667
628672
628674
628678
628679
628680
628691
628692
628704
628726
628738
628739
628740
628784
628794
628797
628853
628864
628869
628873
628925
628931
628933
628936
628951
628966
628967
629119
629121
629126
629180
629181
629184
629185
629186
629187
629188
629190
629193
629222
629243
629271
629282
629283
629285
629286
629312
629313
629319
629413
629531
629676
630194
630334
630513
630611
630644
630746
630747
630749
630810
630833
630835
630836
630837
630838
630839
630880
630881
630882
630883
630884
630885
630886
630888
630892
630893
630897
630948
630962
630963
630967
630968
630970
631128
631130
631131
631269
631313
631316
631335
631339
631340
631341
631359
631380
631406
631506
631596
631617
631696
631698
631699
631716
631718
631721
631724
631728
631729
631732
631736
632104
632105
632150
632157
632158
632163
632164
632165
632166
632191
632192
632320
632406
632469
632471
632473
632553
632554
632556
632557
632558
632559
632560
632563
632567
632568
632570
632595
632622
632688
633068
633094
633167
633172
633195
633200
633201
633203
633204
633205
633206
633207
633210
633212
633213
633214
633273
633274
633340
633341
633342
633349
633350
633352
633386
633387
633427
633447
633465
633469
633470
633525
633543
633545
633546
633628
633630
633632
633636
633642
633643
633651
633693
633694
633708
633743
633750
633751
633752
633844
633874
633875
633876
633877
633879
633994
633997
633998
633999
634000
634001
634002
634003
634005
634008
634010
634013
634105
634149
634152
634153
634270
634271
634346
634347
634413
634415
634416
634417
634420
634436
634456
634475
634476
634479
634507
634611
634612
634616
634619
634620
634622
634655
634698
634703
634704
634705
634780
634832
634848
634883
634909
634944
634945
634946
634948
634949
635042
635044
635045
635046
635047
635111
635116
635117
635118
635137
635138
635142
635145
635146
635147
635185
635228
635229
635271
635688
635693
635706
635764
635792
635795
635796
635822
635827
635829
635837
635840
635860
635868
635879
635910
636346
637152
637282
637309
637565
638226
638231
638251
638363
638364
638384
638386
638393
638394
638415
638417
638423
638425
638432
638457
638460
638528
638529
638530
638561
638563
638565
638566
638567
638568
638570
638612
638613
638615
638616
638617
638621
638623
638624
638666
638671
638673
638676
638677
638679
638683
638723
638747
638748
638751
638945
638956
638987
638988
639003
639008
639009
639010
639011
639015
639047
639048
639050
639051
639159
639161
639173
639174
639176
639187
639190
639227
639228
639238
639239
639300
639302
639349
639351
639380
639383
639390
639414
639416
639417
639451
639453
639515
639516
639520
639531
639532
639586
639587
639594
639596
639625
639626
639641
639647
639655
639667
639682
639683
639684
639685
639686
639717
639718
639738
639740
639742
639772
639805
639807
639808
639809
639824
639826
639848
639849
639850
639853
639871
639875
639878
639998
640045
640046
640048
640049
640050
640051
640052
640053
640089
640090
640091
640138
640140
640141
640153
640156
640225
640226
640294
640297
640371
640373
640456
640457
640458
640460
640461
640516
640520
640528
640533
640534
640738
640741
640757
640762
640820
640838
640882
640959
640960
640961
640970
640971
640972
640973
640974
640975
640976
640979
641046
641047
641062
641063
641068
641134
641249
641380
641382
641383
641384
641385
641507
641553
641576
641633
641799
641800
641801
641811
641813
641824
641859
641861
641862
641863
641867
641869
641870
641871
641873
641874
641875
641878
641901
641915
641916
641918
641919
641920
641921
641922
641936
642044
642051
642052
642054
642055
642082
642142
642143
642145
642155
642156
642160
642171
642172
642173
642223
642248
642249
642303
642306
642308
642310
642311
642312
642313
642374
642393
642415
642423
642425
642498
642654
642657
642658
642659
642660
642662
642665
642666
642668
642670
642671
642672
642756
642757
642898
642920
642921
642945
642952
642953
642954
643018
643022
643023
643024
643025
643026
643027
643028
643029
643031
643033
643034
643036
643042
643043
643044
643057
643058
643059
643060
643084
643103
643104
643109
643111
643112
643190
643349
643450
643502
643688
643700
643812
643819
643820
643822
643823
643824
643826
643827
643869
643870
643871
643872
643874
643876
643877
643878
643879
643880
643881
643882
643890
643902
643905
643907
643910
643911
643915
643916
643938
643991
643992
644150
644153
644332
644343
644565
644566
644574
644575
644576
644578
644579
644580
644584
644588
644761
644817
644824
645043
645109
645140
645141
645142
645213
645241
645243
645244
645248
645251
645252
645254
645256
645360
645370
645376
645436
645437
645454
645456
645459
645460
645461
645463
645469
645470
645471
645472
645474
645498
645500
645503
645514
645515
645529
645530
645531
645537
645540
645541
645542
645543
645545
645547
645548
645585
645586
645587
645588
645601
645603
645604
645606
645619
645621
645638
645678
645682
645693
645733
645737
645738
645740
645742
645768
645769
645776
645777
645779
645787
645788
645789
645790
645791
645842
645843
645844
645845
645847
645864
645865
645868
645869
645870
645876
645878
645889
645891
645903
645904
645905
645906
645907
645908
645909
645912
645918
645919
645920
645921
645957
645958
646060
646061
646068
646258
646302
646327
646409
646410
646412
646414
646415
646417
646419
646420
646424
646432
646433
646434
646435
646437
646439
646454
646456
646457
646458
646601
646608
646638
646639
646899
646908
646913
646979
646980
646985
647017
647018
647019
647020
647030
647139
647141
647154
647155
647156
647161
647163
647165
647166
647181
647182
647191
647209
647210
647211
647214
647243
647244
647246
647247
647248
647250
647252
647309
647321
647360
647362
647363
647504
647595
647596
647598
647715
647716
647719
647720
647721
647722
647725
647789
647925
648191
648192
648193
648194
648499
648503
648557
648584
648620
648621
648727
648729
648731
648736
648737
648738
648739
648740
648741
648742
648754
648756
648757
648759
648880
648885
648886
648887
648911
648912
648913
648914
648915
648916
648957
649010
649013
649058
649059
649060
649062
649064
649065
649068
649070
649085
649086
649123
649127
649128
649130
649155
649156
649157
649158
649159
649162
649166
649169
649221
649350
649377
649409
649410
649411
649412
649413
649414
649415
649452
649460
649462
649465
649468
649469
649479
649544
649564
649565
649566
649568
649569
649571
649572
649679
649683
649684
649717
649742
649755
649775
649781
649782
649809
649810
649833
649917
649918
649919
649924
649925
649927
649928
649929
649930
649931
649932
649936
649943
649954
650035
650036
650037
650042
650049
650078
650086
650087
650113
650124
650129
650161
650164
650165
650167
650168
650170
650171
650172
650174
650181
650186
650222
650264
650265
650266
650280
650286
650287
650289
650290
650294
650298
650302
650303
650304
650484
650490
650524
650643
650662
650770
650771
650772
650773
650774
650775
650777
650780
650868
650977
651032
651034
651035
651037
651051
651053
651058
651059
651064
651067
651403
651405
651406
651409
651417
651462
651463
651464
651532
651552
651553
651554
651555
651556
651557
651664
651667
651668
651672
651674
651675
651678
651682
651814
651827
651828
651830
651867
651868
651870
651878
651904
651905
651906
651907
651908
651909
651912
651918
651919
651987
651991
651994
651995
652002
652145
652146
652147
652148
652149
652157
652159
652160
652161
652169
652191
652194
652195
652196
652198
652199
652213
652214
652216
652217
652221
652266
652268
652270
652294
652303
652307
652324
652325
652335
652377
652414
652444
652473
652474
652475
652477
652478
652480
652482
652483
652597
652603
652604
652605
652680
652702
652713
652715
652717
652718
652723
652726
652728
652729
652730
652732
652733
652734
652816
652817
652819
652820
652826
652827
652828
652859
652860
652862
652863
652864
652867
652872
652873
652895
652907
652914
652936
652957
652958
652959
652960
652961
652962
652966
652967
652969
652974
652975
652983
652984
652986
652987
652990
652991
652993
652994
653002
653003
653424
653473
653474
653475
653794
653904
653905
653906
653911
653912
653913
653914
653916
653918
653923
653926
653927
653928
653970
653971
653974
654006
654008
654009
654011
654013
654220
654221
654222
654299
654301
654302
654305
654306
654308
654309
654317
654318
654321
654323
654324
654338
654339
654340
654343
654344
654345
654381
654401
654412
654413
654440
654472
654474
654476
654509
654510
654511
654512
654520
654523
654524
654525
654526
654527
654533
654534
654536
654539
654540
654541
654543
654545
654546
654547
654549
654550
654551
654553
654555
654557
654558
654559
654560
654562
654563
654565
654568
654570
654573
654575
654579
654581
654582
654584
654585
654587
654588
654589
654590
654591
654593
654594
654595
654599
654601
654602
654603
654634
654659
654663
654824
654827
654829
654834
654836
654912
654915
654920
654930
654931
654933
654934
654936
654937
654992
655251
655253
655254
655256
655257
655266
655274
655278
655307
655308
655315
655455
655522
655550
655562
655565
655568
655569
655573
655574
655576
655591
655622
655638
655657
655658
655659
655660
655810
655815
655829
655836
655837
655842
655995
655997
655998
655999
656001
656002
656003
656008
656010
656011
656018
656033
656083
656084
656085
656101
656102
656103
656104
656105
656234
656329
656330
656346
656347
656348
656349
656351
656354
656355
656435
656438
656441
656443
656503
656504
656602
656624
656625
656694
656695
656745
656746
656748
656783
656824
656830
656831
656832
656840
656841
656896
656897
656898
656911
656915
656933
656937
656943
656944
656987
656994
656995
656998
657003
657006
657007
657008
657009
657010
657011
657012
657013
657014
657115
657116
657117
657118
657119
657121
657133
657225
657230
657244
657362
657368
657372
657373
657380
657467
657471
657472
657473
657474
657531
657567
657595
657602
657607
657609
657612
657613
657617
657618
657620
657637
657677
657678
657679
657686
657687
657926
658038
658039
658044
658045
658150
658151
658165
658174
658181
658183
658184
658185
658186
658188
658196
658199
658201
658202
658218
658231
658249
658250
658262
658265
658266
658267
658268
658270
658305
659076
659166
659484
659600
659607
659611
659613
659615
659617
659977
660025
660030
660085
660188
660266
660652
660812
660886
660889
660989
661026
661030
661033
661036
661040
661073
661287
661616
661626
661650
661677
661689
661697
661699
661700
661886
661950
662030
662067
662206
662210
662212
662223
662224
662230
662238
662239
662240
662258
662297
662299
662303
662304
662384
662576
662661
662713
662718
662720
662722
662726
662729
662739
662740
662758
662759
662790
662870
662887
662958
662965
663075
663095
663097
663147
663432
663439
663441
663442
663509
663515
663524
663537
663540
663551
663555
663572
663601
663642
663649
663650
663708
663709
663840
663869
663880
663884
663885
663887
663889
663891
663895
663896
663897
663902
663904
663913
663914
664009
664370
664406
664447
664711
664712
664740
664839
664840
664841
664856
664859
664863
664864
664890
665092
665142
665303
665692
665694
665700
665701
665702
665703
665711
665867
665950
665952
665953
665954
665956
665958
665960
665967
665971
665974
665975
665976
665978
665979
665994
666120
666431
666462
666486
666492
666523
666528
666553
666554
666555
666556
666557
666559
666560
666561
666562
666564
666565
666581
666583
666584
666585
666589
666597
666616
666621
666622
666624
666626
666628
666878
666880
666882
666884
666896
666898
666984
667024
667035
667102
667138
667253
667254
667255
667257
667259
667260
667266
667267
667268
667274
667275
667276
667279
667282
667283
667284
667285
667314
667315
667370
667384
667386
667391
667502
667503
667504
667506
667507
667519
667520
667522
667523
667526
667557
667558
667559
667569
667571
667572
667592
667629
667630
667838
667872
667874
667876
667880
667895
667896
667899
667900
667901
667903
667905
667906
667907
667917
668062
668097
668259
668360
668451
668665
668666
668671
668672
668677
668680
668681
668683
668685
668686
668687
668688
668690
668693
668698
668699
668700
668708
668710
668711
668712
668713
668714
668715
668717
668725
668728
668742
668743
668744
668745
668746
668747
668748
668749
668829
668836
668843
668854
668906
668914
669240
669241
669242
669243
669249
669250
669252
669255
669303
669443
669444
669452
669453
669454
669456
669459
669460
669476
669477
669479
669482
669486
669492
669499
669500
669513
669737
669739
669759
669911
669935
669937
670055
670072
670117
670172
670173
670177
670179
670180
670181
670182
670186
670187
670188
670189
670190
670191
670193
670334
670347
670348
670350
670352
670363
670369
670407
670501
670514
670522
670524
670541
670542
670547
670554
670555
670634
670759
670761
670766
670832
670834
670870
670875
670959
671061
671066
671067
671119
671152
671153
671154
671159
671160
671162
671163
671167
671168
671383
671440
671454
671455
671457
671458
671460
671461
671481
671482
671484
671533
671635
671667
671726
671737
671738
671739
671740
671741
671742
671743
671744
671745
671746
671748
671752
671753
671765
671766
671767
671768
671770
672151
672215
672217
672218
672220
672230
672231
672232
672234
672236
672238
672239
672245
672248
672264
672270
672272
672295
672301
672410
672683
672721
672722
672723
672724
672732
672734
672735
672738
672739
672740
672856
672859
672867
672871
672872
672873
672874
672875
672879
672880
672885
672886
672987
672989
673033
673076
673107
673136
673148
673181
673184
673189
673204
673241
673245
673390
673520
673536
673611
673620
673623
673624
673641
673645
673659
673662
673666
673667
673669
673670
673673
673674
673784
673819
674167
674244
674245
674248
674262
674264
674670
674671
674677
674689
674692
674693
674696
674698
674734
674840
674852
674941
675259
675260
675271
675277
675278
675279
675280
675281
675283
675287
675288
675290
675291
675295
675297
675307
675313
675316
675317
675319
675320
676279
676280
676281
676282
676286
676295
676302
676309
676312
676313
676321
676331
676332
676336
676339
676340
676341
676343
676344
676345
676348
676350
676351
676352
676353
676354
676355
676370
676379
676385
676388
676390
676409
677013
677014
677019
677060
677113
677146
677186
677201
677208
677209
677215
677218
677232
677234
677235
677236
677240
677246
677247
677250
677348
677349
677353
677354
677355
677416
677417
677443
677445
677446
677451
677453
677455
677456
677458
677466
677467
677552
677555
677561
677562
677572
677573
677578
677579
677580
677608
677618
677619
677621
677623
677625
677628
677629
677633
677634
677635
677637
677640
677641
677646
677652
677653
677780
677781
677785
677786
677787
677791
677793
677826
677829
677831
677833
677834
677838
677840
677854
677855
677857
677860
677861
677863
677869
677870
677898
677902
677908
677972
678104
678105
678442
678444
678450
678452
678454
678457
678458
678459
678460
678461
678464
678466
678467
678472
678474
678476
678481
678483
678485
678486
678487
678490
678491
678870
679563
679810
679849
679851
680056
680105
680111
680112
680113
680114
680116
680148
680155
680163
680164
680165
680166
680167
680168
680169
680170
680171
680172
680173
680174
680176
680178
680179
680182
680185
680187
680745
680979
681342
681344
681345
681348
681349
681360
681361
681362
682206
682377
682513
682650
682949
683683
683839
683926
683937
684253
684307
684309
684310
684316
684317
684318
684320
684321
684322
684327
684425
684432
685745
685814
685816
685822
685823
685824
685827
685828
685830
685831
685834
685835
685838
685841
685842
685844
685846
685848
685852
685854
685857
685858
685859
685860
685861
685862
685882
685883
685884
685885
685886
685887
685889
685898
685901
685916
685919
685923
685929
685934
685935
685941
685944
685945
685950
685951
685958
685963
685964
685967
685968
685969
685970
685971
685997
686022
686178
686182
686185
686186
686188
686189
686190
686191
686196
686197
686198
686200
686202
686230
686231
686232
686234
686237
686374
686379
686381
686383
686385
686389
686390
686393
686394
686395
686396
686397
686398
686399
686405
686406
686407
686453
686663
686734
686960
686997
687001
687009
687015
687016
687017
687018
687019
687020
687029
687030
687441
687442
687446
687447
687453
687454
687455
687456
687457
688268
688275
688276
688277
688279
688280
688281
688282
688291
688468
688513
688515
688520
688521
688582
688583
688584
688585
688586
688587
688588
688599
688600
688601
688604
688605
688606
688607
688608
688614
688619
688623
688627
688629
688630
688632
688633
688636
688786
688790
688794
688798
688799
688804
688888
688890
688891
688893
688904
688905
688951
688954
688955
688957
688958
688961
688962
688963
688964
688965
688966
688967
688968
688970
688971
689020
689035
689036
689049
689051
689058
689059
689061
689062
689063
689064
689065
689068
689069
689227
689406
689407
689410
689424
689537
689539
689540
689541
689543
689544
689546
689547
689549
689550
689685
689692
689693
689694
689695
689697
689698
689700
689702
689703
689704
689706
689707
689711
689716
689717
689718
689719
689724
689730
689731
689733
689734
689735
689736
689737
689739
689741
689745
689749
689751
689752
689753
689754
689756
689757
689759
689762
689765
689774
689777
689780
689783
689786
690145
690146
690147
690153
690158
690161
690163
690166
690167
690168
690169
690177
690179
690180
690181
690183
690184
690186
690193
690196
690198
690200
690202
690203
690204
690206
690225
690240
690241
690242
690261
690750
690802
690803
690804
690808
690845
690846
690982
691175
691176
691177
691179
691256
691257
691273
691283
691284
691288
691289
691290
691291
691294
691382
691621
691623
691624
691629
691630
691631
691639
691641
691643
691644
691645
691647
691648
691650
691703
691706
691708
691709
691737
691739
691740
691743
691746
691747
691748
691752
691753
691762
691763
692256
692271
692276
692287
692296
692310
692314
692315
692329
692330
692333
692334
692335
692337
692340
692342
692343
692345
692346
692347
692418
692421
692422
692423
692431
692432
692433
692434
692436
692438
692440
692441
692445
692447
692449
692451
692455
692456
692457
692460
692474
692479
692480
692671
692678
692679
692680
692682
692747
693043
693412
693413
693415
693419
693421
693428
693709
693710
693730
693731
693733
693734
693735
693736
693811
693818
693820
693821
693863
693864
693870
693871
693872
693875
693877
693880
693881
693883
693884
693888
693889
693890
693893
693920
693923
693930
693931
693933
693934
693935
693938
693940
693943
693945
693946
693947
693951
693952
693953
693961
693962
693963
693965
693968
693970
693971
693983
694021
694022
694049
694050
694051
694052
694054
694057
694190
694225
694226
694230
694237
694239
694241
694288
694289
694547
694622
694624
694625
694626
694628
694629
694631
694632
694636
694637
694638
694639
694641
694642
694643
694644
694645
694648
694952
694953
694954
694956
694958
694959
694963
694964
694966
694979
694980
694983
694988
694995
694996
694997
694998
694999
695002
695208
695224
695225
695227
695242
695249
695256
695257
695258
695259
695260
695261
695262
695263
695264
695265
695266
695268
695271
695272
695273
695274
695275
695291
695303
695304
695338
695339
695340
695341
695342
695353
695354
695359
695388
695426
695457
695459
695460
695464
695465
695466
695467
695468
695470
695471
695506
695508
695509
695512
695518
695519
695521
695642
695686
695824
695964
696056
696058
696059
696060
696061
696062
696063
696131
696132
696133
696136
696137
696140
696531
696578
696580
696677
696742
696744
696746
696748
696873
696880
696882
696884
696890
696891
696892
696914
696918
696928
696929
696930
696936
696941
696942
696944
697012
697028
697029
697036
697038
697039
697040
697041
697042
697046
697047
697107
697140
697150
697152
697158
697190
697386
697388
697390
697391
697396
697402
697408
697411
697461
697463
697464
697466
697468
697576
697577
697578
697579
697836
697891
697892
697894
697898
697901
697912
697913
697914
697946
697960
697961
697966
697968
697972
697973
697974
698026
698053
698055
698056
698521
698522
698523
698524
698527
698531
698532
698539
698540
698610
698636
698937
698938
698939
698940
698941
698942
698948
698960
698961
698962
698963
698969
698971
698977
698998
699081
699217
699218
699254
699268
699283
699296
699297
699300
699302
699303
699304
699322
699323
699327
699328
699329
699330
699331
699332
699333
699369
699370
699371
699372
699374
699375
699376
699378
699379
699383
699426
699436
699447
699448
699449
699455
699456
699459
699460
699463
699467
699468
699473
699474
699475
699476
699590
699694
699709
699736
699741
699742
699743
699744
699746
699752
699753
699754
699755
699757
699758
699759
699760
699761
699762
699763
699765
699766
699767
699769
699771
699775
699777
699780
699783
699789
699875
700011
700023
700037
700071
700095
700108
700208
700222
700269
700288
700364
700384
700391
700392
700393
700394
700395
700397
700400
700403
700405
700410
700411
700412
700413
700415
700416
700419
700420
700422
700424
700425
700426
700427
700428
700614
700664
700688
700726
700768
700888
701007
701011
701067
701078
701306
701525
701532
701534
701535
701576
701577
701579
701580
701581
701582
701583
701586
701587
701592
701594
701595
701599
701600
701617
701619
701621
701623
701678
701681
701682
701688
701693
701694
701767
701771
701772
701775
701780
701821
701828
701860
701861
701862
701863
701864
701865
701866
701867
701868
701869
701875
701885
701890
701892
702006
702027
702028
702029
702030
702031
702033
702034
702050
702062
702065
702074
702075
702077
702080
702092
702093
702094
702096
702097
702105
702424
702888
702889
702899
702900
702901
702904
702905
702908
702915
702916
702924
702925
702926
702927
702929
702930
702931
702938
702939
702958
702959
702969
703052
703072
703209
703218
703219
703220
703221
703222
703224
703225
703228
703229
703231
703232
703234
703236
703237
703472
703488
703623
703746
703748
703749
703752
703754
703756
703758
703759
703760
703761
703762
703770
703771
703773
703778
703779
703780
703939
704012
704036
704105
704150
704200
704263
704264
704265
704268
704356
704437
704487
704488
704548
704601
704620
704623
704624
704625
704627
704714
705119
705121
705122
705123
705129
705136
705143
705146
705147
705154
705295
705298
705300
705303
705307
705308
705309
705398
705402
705453
705469
705471
705472
705473
705474
705475
705476
705477
705478
705479
705481
705483
705488
705494
705498
705499
705500
705501
705502
705506
705514
705515
705517
705518
705519
705520
705521
705522
705557
705628
705779
705805
705823
705832
705834
705835
705836
705838
705840
705841
705842
705843
705845
705850
705852
705855
705856
705857
705865
705868
705873
705874
705876
705878
705879
705884
705885
705886
706184
706185
706186
706187
706189
706194
706195
706196
706198
706200
706203
706204
706205
706206
706208
706210
706211
706212
706213
706239
706386
706552
706553
706556
706559
706561
706563
706589
706620
706630
706649
706672
706673
706676
706684
706685
706695
706696
706697
706700
706702
706703
706704
706705
706707
706708
706712
706714
706715
706716
706718
706720
706721
706724
706759
706790
706794
706795
706801
706802
706838
706858
706861
706867
706868
706869
706879
706883
706885
706887
706888
706889
706895
706896
706897
706899
706903
707076
707090
707091
707092
707093
707094
707095
707096
707097
707098
707099
707101
707102
707217
707297
707360
707799
707807
707809
707810
707811
707815
707816
707819
707825
707827
707830
707833
707834
707836
707837
707838
707842
707843
707846
707985
708006
708065
708213
708214
708216
708222
708230
708231
708232
708233
708234
708652
708654
708657
708659
708662
708667
708669
708683
708728
708763
708835
708984
709129
709143
709149
709154
709156
709157
709158
709159
709161
709162
709163
709164
709165
709274
709284
709285
709299
709300
709301
709302
709303
709306
709307
709308
709309
709310
709319
709358
709359
709363
709364
709476
709478
709479
709481
709482
709483
709484
709485
709489
709492
709497
709498
709500
709501
709505
709508
709509
709510
709512
709515
709517
709520
709523
709524
709526
709560
709562
709565
709581
709582
709584
709585
709586
709587
709589
709598
709599
709600
709605
709615
709616
709624
709678
709679
709682
709685
709686
709752
709754
709757
709758
709765
709768
709770
709773
709775
709776
709777
709778
709780
709787
709788
709789
709790
709792
709794
710122
710206
710230
710231
710232
710233
710234
710235
710237
710238
710239
710241
710243
710245
710248
710250
710251
710253
710254
710255
710259
710263
710267
710268
710269
710270
710271
710272
710273
710287
710290
710429
710792
710801
710802
710804
710806
710807
710970
710975
710977
710978
710979
710983
710989
710990
710991
710995
710997
710998
711002
711008
711009
711011
711012
711014
711016
711017
711098
711221
711238
711239
711243
711244
711245
711246
711248
711250
711251
711252
711254
711256
711260
711261
711263
711265
711419
711428
711429
711431
711432
711433
711434
711437
711442
711443
711444
711445
711447
711449
711451
711452
711525
711526
711530
711531
711533
711541
711543
711545
711547
711549
711551
711552
711553
711554
711555
711556
711558
711562
711568
711681
711735
711829
711846
711847
711850
711851
711854
712132
712153
712156
712397
712402
712403
712411
712471
712474
712538
712750
712780
712864
712868
712869
712870
712871
712873
712875
712876
712878
712879
712880
712881
712882
712888
712889
712890
712891
712894
712895
712896
712899
712903
712906
712907
712908
712909
712910
712912
712914
712915
712919
712923
712927
712932
712934
712935
712936
712939
712940
713693
713695
713698
713699
713700
713704
713717
713721
713724
713726
713727
713728
713729
713730
713738
713739
713740
713742
713744
713775
713929
714052
714056
714059
714063
714064
714066
714074
714075
714076
714077
714078
714080
714081
714082
714083
714087
714088
714089
714102
714106
714109
714110
714112
714355
714488
714512
714517
714519
714521
714523
714525
714527
714528
714535
714536
714539
714540
714542
714543
714545
714549
714550
714551
714552
714553
714554
714555
714556
714559
714560
714561
714563
714565
714664
714667
714669
714764
714769
714772
714777
714782
714783
714785
714789
714790
714794
714795
714796
714804
714805
714815
714819
714821
714822
714823
714824
714868
714921
714986
714999
715000
715002
715103
715104
715106
715125
715126
715135
715143
715144
715145
715146
715147
715148
715152
715153
715156
715158
715159
715160
715162
715163
715511
715512
715514
715515
715516
715517
715520
715521
715532
715534
715538
715539
715541
715542
715546
715548
715553
715554
715555
715642
715643
715646
715648
715650
715662
715665
715666
715668
715669
715671
715673
715989
715992
715994
715995
715996
715998
715999
716005
716007
716008
716010
716011
716012
716014
716019
716021
716022
716023
716024
716026
716028
716030
716033
716034
716035
716038
716043
716333
716463
716694
716785
716786
716787
716792
716795
716796
716798
716800
716802
716803
716804
716805
716808
716809
716818
716819
716821
716822
716823
716826
716827
716829
716839
716840
716841
716842
716843
716844
716845
716847
716848
716849
716852
716886
717231
717239
717241
717331
717435
717444
717453
717454
717455
717456
717479
717480
717482
717487
717488
717492
717497
717498
717501
717503
717530
717531
717532
717533
717549
717552
717553
717554
717636
717640
717646
717647
717650
717651
717652
717653
717655
717656
717657
717659
717662
717663
717665
717667
717668
717669
717670
717672
717673
717675
717676
717677
717678
717679
717680
717681
717683
717684
717685
717686
717688
717691
717692
717697
717699
717701
717702
717708
717710
717711
717712
717713
717892
718164
718166
718167
718168
718195
718410
718457
718477
718507
718508
718509
718516
718521
718523
718524
718526
718527
718528
718529
718530
718531
718532
718533
718534
718535
718536
718537
718547
718553
718554
718555
718556
718557
718558
718561
718563
718565
718567
718568
718569
718570
718571
718572
718573
718574
718584
718754
719084
719241
719380
719501
719558
719562
719733
719750
719822
719860
720096
720117
720188
720427
720485
720486
720487
720489
720490
720491
720492
720493
720494
720497
720498
720503
720507
720510
720511
720512
720546
720840
720841
720842
720844
720845
720850
720851
720856
720859
720861
720925
721013
721020
721021
721022
721026
721027
721065
721066
721067
721068
721069
721071
721072
721073
721074
721075
721087
721088
721090
721095
721096
721097
721099
721101
721102
721103
721154
721156
721158
721257
721303
721330
721362
721363
721366
721374
721375
721376
721399
721400
721408
721409
721410
721411
721416
721417
721418
721419
721469
721471
721473
721564
721625
721627
721629
721633
721634
721635
721637
721700
721701
721710
721716
721717
721720
721721
721723
721726
721727
721768
721770
721771
721772
721774
721775
721776
721777
721779
721781
721782
721784
721789
721790
721791
721792
721868
721870
721871
721942
721946
721947
721949
721952
721955
721965
721967
721969
721971
721972
721973
722063
722064
722065
722072
722074
722135
722136
722137
722138
722139
722140
722141
722142
722144
722149
722150
722208
722210
722212
722217
722218
722222
722270
722271
722272
722274
722275
722278
722279
722280
722281
722284
722285
722313
722316
722318
722321
722324
722334
722339
722344
722346
722374
722377
722380
722398
722399
722406
722408
722409
722410
722411
722413
722418
722430
722433
722435
722436
722439
722440
722442
722445
722447
722448
722506
722507
722515
722516
722518
722519
722521
722522
722523
722524
722535
722536
722539
722540
722541
722543
722547
722549
722550
722552
722557
722561
722562
722563
722565
722566
722574
722578
722580
722773
722903
722904
722906
722907
722921
722927
722931
722932
722933
722934
722941
722943
723013
723019
723023
723025
723027
723037
723042
723044
723068
723070
723073
723080
723083
723084
723086
723090
723091
723092
723093
723259
723263
723264
723266
723267
723268
723271
723274
723275
723277
723282
723292
723293
723295
723307
723343
723362
723364
723365
723373
723375
723377
723383
723385
723386
723459
723460
723461
723462
723471
723474
723477
723478
723502
723506
723518
723526
723527
723530
723533
723535
723537
723538
723539
723540
723542
723543
723544
723609
723611
723667
723703
723710
723713
723714
723717
723718
723720
723721
723722
723723
723777
723787
723794
723796
723806
723807
723809
723811
723862
723868
723873
723877
723879
723880
723882
723883
723884
723885
723887
723895
723898
723899
723917
723918
723920
723921
723922
723988
723993
723994
723995
723997
723998
724007
724010
724012
724013
724014
724170
724171
724172
724173
724178
724195
724293
724297
724298
724299
724300
724302
724304
724308
724309
724318
724322
724325
724326
724327
724332
724333
724334
724335
724336
724337
724464
724466
724467
724469
724470
724474
724477
724617
724619
724715
724719
724720
724721
724722
724859
724861
724862
724863
724864
724873
724874
724875
724876
724877
724888
724890
724919
725176
725267
725269
725270
725271
725272
725273
725274
725275
725276
725279
725280
725281
725288
725292
725293
725294
725296
725634
725782
725792
725794
725806
725845
725849
725850
725851
725852
725854
725855
725867
725868
725869
725871
725873
725988
726120
726121
726122
726124
726125
726126
726128
726129
726134
726135
726137
726138
726139
726140
726141
726142
726143
726145
726146
726147
726165
726166
726169
726170
726171
726173
726175
726176
726178
726179
726180
726181
726182
726183
726184
726185
726186
726187
726188
726189
726191
726192
726193
726342
726394
726396
726397
726400
726401
726402
726403
726404
726405
726406
726409
726413
726489
726490
726491
726492
726493
726494
726495
726496
726501
726505
726506
726507
726508
726513
726515
726517
726518
726520
726521
726545
726546
726547
726548
726549
726550
726551
726552
726553
726554
726573
726574
726576
726577
726590
726591
726592
726593
726594
726598
726599
726600
726601
726602
726603
726604
726605
726606
726607
726608
726609
726610
726611
726612
726613
726627
726628
726629
726630
726631
726633
726635
726636
726637
726638
726751
726793
726810
726840
726843
726846
726870
726913
726951
726978
727039
727059
727060
727061
727062
727115
727204
727230
727231
727232
727233
727235
727236
727237
727238
727241
727244
727247
727248
727249
727253
727268
727271
727272
727274
727275
727276
727277
727370
727375
727377
727379
727380
727381
727382
727383
727388
727389
727390
727391
727392
727394
727395
727396
727397
727404
727405
727406
727407
727408
727409
727410
727466
727468
727479
727481
727482
727483
727484
727485
727491
727492
727494
727495
727496
727497
727503
727504
727505
727506
727507
727517
727523
727524
727525
727526
727527
727529
727530
727569
727687
727784
727785
727786
727797
727799
727801
727807
727808
727809
727814
727815
727819
727823
727826
727829
727830
727840
727841
727842
727956
728090
728091
728112
728116
728117
728120
728125
728126
728127
728129
728131
728140
728148
728151
728152
728155
728156
728224
728225
728228
728244
728245
728246
728247
728248
728254
728255
728256
728257
728428
728544
728620
728622
728623
728624
728625
728626
728627
728711
728725
728726
728795
728797
728803
728804
728805
728807
728808
728809
728858
728874
728875
728877
728878
728879
728881
728890
728891
728892
728893
728897
728901
728904
728905
728932
729065
729137
729141
729142
729144
729145
729278
729349
729466
729474
729488
729489
729491
729497
729704
729731
729950
729952
729953
729954
729987
730043
730073
730074
730079
730085
730130
730131
730162
730231
730237
730545
730619
730694
730770
730774
730775
730776
730778
730784
730785
730786
730793
730795
730799
730802
730807
730808
730809
730810
730811
730812
730814
730816
730825
730826
730827
730828
730829
730832
730834
730838
730839
730840
730841
730850
730851
730854
730855
730856
730857
730864
730865
730869
730870
730872
730873
730876
730877
730878
730879
730880
730892
730893
730903
730904
730905
730907
730908
730909
730920
730922
730924
731002
731005
731091
731092
731093
731094
731095
731096
731112
731114
731115
731116
731117
731123
731124
731125
731126
731127
731128
731129
731130
731131
731132
731133
731140
731142
731143
731145
731147
731148
731150
731152
731153
731162
731171
731172
731173
731174
731180
731191
731192
731195
731255
731256
731257
731258
731262
731263
731264
731269
731270
731271
731272
731275
731276
731278
731284
731287
731288
731290
731291
731292
731294
731300
731302
731307
731317
731319
731322
731325
731326
731328
731329
731388
731509
731612
731787
731854
731855
731857
731858
731933
731962
731963
731964
731966
731983
731984
731985
731987
731989
731990
731991
731992
731993
732010
732015
732017
732018
732019
732020
732021
732027
732028
732029
732030
732031
732034
732201
732202
732203
732206
732208
732209
732210
732213
732214
732215
732216
732217
732249
732252
732253
732282
732284
732286
732287
732291
732294
732300
732301
732302
732307
732308
732309
732310
732311
732312
732314
732316
732317
732319
732320
732326
732337
732339
732357
732360
732361
732364
732382
732383
732385
732386
732388
732422
732427
732428
732429
732431
732440
732441
732444
732472
732474
732476
732477
732479
732480
732510
732511
732547
732549
732552
732556
732562
732563
732564
732573
732575
732577
732578
732581
732582
732588
732589
732590
732591
732592
732593
732594
732595
732686
732687
732690
732691
732695
732696
732697
732700
732704
732705
732707
732708
732757
732761
732762
732763
732766
732783
732784
732785
732786
732787
732789
732795
732796
732798
732799
732800
732802
732803
732817
732827
732830
732831
732857
732859
732862
732863
732867
732868
732870
732872
732900
732903
732904
732905
732911
732912
732913
732915
732916
732917
732924
732925
732926
732928
732929
732931
732932
732933
732934
732935
732938
733054
733235
733242
733244
733246
733260
733264
733265
733266
733267
733269
733270
733271
733272
733273
733274
733275
733278
733281
733286
733292
733296
733297
733298
733299
733300
733301
733302
733304
733305
733316
733318
733319
733320
733321
733327
733332
733334
733353
733398
733502
733777
733862
733864
733917
733980
733990
734038
734055
734057
734066
734070
734071
734072
734074
734078
734101
734102
734103
734104
734107
734108
734109
734112
734114
734115
734116
734164
734194
734261
734274
734457
734459
734460
734510
734561
734654
734655
734656
734674
734675
734676
734677
734678
734691
734692
734693
734694
734695
734696
734697
734698
734699
734702
734707
734742
734772
734775
735033
735190
735191
735192
735199
735200
735207
735208
735210
735213
735216
735217
735218
735236
735242
735243
735245
735248
735325
735532
735545
735546
735547
735548
735552
735554
735559
735560
735561
735562
735563
735784
735790
735791
735793
735794
735795
735797
735798
735799
735800
735801
735803
735804
735806
735809
735812
735813
735819
735820
735822
735823
735824
735825
735826
735828
735829
735831
735833
735834
735843
735844
735845
735847
735850
735855
735872
735873
735874
735875
735877
735878
735881
735882
735883
736262
736296
736406
736600
736671
736674
736675
736677
736686
736687
736688
736689
736691
736692
736754
736804
736872
736873
736874
736875
736877
736878
736882
736884
736886
736890
736894
736895
736898
736901
736902
736903
736905
736910
736911
736913
736914
736915
736920
736922
736924
736927
736930
736935
736945
736947
736948
736949
736950
736952
736953
736954
736956
736957
736958
736960
736961
736962
736963
736968
736970
736977
736982
736983
736984
736985
736986
736987
736988
736990
736992
737046
737052
737092
737096
737140
737141
737195
737217
737251
737252
737254
737255
737261
737262
737264
737266
737280
737281
737282
737285
737287
737290
737292
737293
737294
737295
737296
737298
737299
737302
737303
737305
737306
737307
737308
737309
737310
737317
737321
737335
737338
737340
737341
737342
737344
737346
737348
737349
737350
737351
737352
737353
737354
737355
737356
737391
737489
737547
737580
737603
737811
737990
738000
738054
738069
738212
738213
738215
738218
738219
738220
738221
738234
738236
738242
738243
738245
738246
738247
738248
738251
738253
738254
738255
738256
738259
738474
738587
738589
738592
738593
738595
738596
738599
738602
738603
738606
738609
738610
738615
738616
738619
738621
738623
738624
738727
738750
738752
738754
738755
738759
738760
738761
738763
738764
738765
738767
738770
738771
738773
738774
738782
738783
738785
738786
738787
738789
738790
738791
738984
739049
739143
739147
739148
739155
739163
739165
739166
739167
739169
739170
739172
739173
739174
739175
739176
739177
739178
739179
739230
739231
739232
739234
739235
739265
739267
739268
739269
739271
739289
739290
739293
739298
739324
739325
739326
739328
739329
739332
739333
739334
739336
739339
739347
739354
739355
739358
739359
739361
739367
739372
739373
739375
739376
739377
739378
739379
739381
739382
739386
739395
739396
739397
739398
739399
739408
739409
739410
739412
739413
739416
739417
739428
739429
739432
739433
739434
739435
739436
739437
739438
739439
739447
739448
739449
739451
739452
739453
739456
739457
739460
739461
739462
739463
739464
739478
739487
739488
739499
739501
739511
739514
739515
739521
739523
739525
739530
739531
739532
739533
739542
739544
739546
739547
739549
739551
739552
739690
739768
739868
739870
739872
739873
739875
739877
739878
739881
739882
739883
739884
739885
739886
739891
739894
739896
739908
739947
739948
739955
739956
739982
739989
739990
739992
739993
739994
739996
739997
740000
740005
740006
740009
740010
740011
740012
740013
740016
740018
740024
740025
740027
740028
740071
740072
740100
740117
740120
740122
740124
740125
740128
740129
740130
740131
740132
740139
740145
740157
740158
740159
740160
740162
740163
740165
740166
740167
740169
740170
740172
740174
740175
740176
740403
740410
740411
740412
740413
740416
740417
740418
740471
740474
740475
740478
740479
740482
740491
740492
740493
740531
740533
740534
740535
740536
740537
740538
740539
740542
740544
740555
740583
740584
740587
740589
740592
740593
740594
740599
740600
740611
740612
740615
740616
740620
740621
740635
740636
740637
740638
740639
740655
740658
740659
740660
740661
740662
740664
740683
740686
740687
740689
740690
740691
740708
740709
740710
740711
740734
740738
740739
740740
740741
740742
740743
740744
740745
740750
740758
740760
740761
740762
740763
740766
740768
740769
740773
740774
740775
740776
740783
740784
740788
740790
740806
740807
740809
740844
740847
740853
740854
740855
740859
740861
740862
740866
740867
740893
740894
740895
740896
740897
740899
740900
740901
740903
740904
740966
740967
740970
740972
740987
741103
741104
741109
741116
741121
741125
741126
741129
741134
741137
741138
741139
741141
741142
741224
741319
741416
741435
741461
741471
741527
741529
741536
741537
741538
741541
741542
741550
741552
741558
741559
741578
741580
741585
741586
741591
741593
741596
741600
741601
741602
741603
741604
741619
741620
741621
741629
741630
741631
741632
741633
741634
741636
741646
741654
741662
741665
741666
741667
741668
741669
741670
741679
741680
741681
741682
741683
741684
741685
741686
741687
741688
741689
741690
741694
741696
741697
741698
741699
741700
741701
741703
741704
741705
741706
741707
741717
741718
741721
741722
741723
741724
741725
741827
741904
741905
741906
741907
741908
741909
741915
741916
741917
741918
741928
741929
741931
741933
741934
741935
741936
741937
741941
741945
741946
741947
741950
741953
742109
742110
742111
742112
742113
742114
742115
742116
742117
742126
742127
742128
742130
742131
742132
742133
742134
742135
742152
742153
742154
742156
742157
742158
742160
742170
742171
742174
742175
742176
742178
742179
742181
742183
742184
742185
742188
742192
742197
742202
742203
742213
742217
1566
1862
2101
2102
2201
2340
3200
3361
3362
3757
4015
4179
4183
4486
4581
4660
4769
5189
5604
5693
6037
6239
6489
6491
7341
7753
8014
9856
10115
11500
12923
14827
16960
20425
22753
25143
31669
33342
35396
37638
37655
39572
41429
52760
52768
65679
65717
65803
65909
67381
68216
68347
68372
69230
85182
85585
85640
85938
85990
86039
87684
88254
89136
89958
90075
99942
100085
101869
136617
136618
136849
137120
137126
138095
138404
138524
138971
139359
140039
140158
141053
141432
141495
141527
141593
141614
141851
143404
143487
144332
144898
152560
152637
152664
152671
152680
152685
152754
152770
152828
153002
153201
153220
153311
153814
154019
154269
154275
154276
154330
154590
155338
159504
162000
162039
162116
162120
162173
162183
162210
162361
162416
162421
162422
162695
162783
162825
162882
162922
162998
163014
163067
163243
163348
163364
163373
163683
163697
163818
163899
164202
164211
168318
170086
170903
171576
172678
175706
175729
177049
177614
179806
180186
184266
185851
186844
189040
189865
192642
194006
194268
196068
196625
199801
200840
202683
205744
206378
206910
207398
207945
208023
214869
215588
216115
216258
216523
217430
217628
220839
221455
226514
226554
228368
230549
232691
234145
242643
242708
247360
250620
250680
250706
252399
253841
255071
264357
264993
265196
265482
267221
267337
267494
267720
267729
269690
276033
277475
277570
279744
281375
285263
286080
289315
290772
292220
297300
297418
301844
302169
303450
306383
307005
308242
308635
310442
311044
312070
314212
317255
326290
329437
329614
331876
332446
337075
337558
341843
342866
344076
348306
349507
350523
350751
356991
357028
357622
358471
358744
359369
360191
363024
363067
363305
363505
363599
363734
363790
363831
364136
365014
365424
367789
369057
369264
373135
374038
374158
375054
377097
378160
380636
381906
382395
382406
382745
382758
385605
386454
386847
387505
387746
388188
388945
399457
401954
403775
405212
405762
406213
408792
409836
410777
410778
412983
413260
414287
414990
415713
416151
416591
417211
417217
417612
418416
419880
422686
422699
423321
425755
429584
430544
430804
433953
434096
434188
434326
434677
435159
435548
437841
437844
437905
438105
438908
438955
439437
440212
441987
442523
444584
445974
446791
446862
447755
448721
450142
450300
450894
451003
451124
451157
452302
452807
453563
453778
454094
454100
454101
455148
455176
455184
455299
456938
458116
458122
459683
462238
462550
462959
463387
465617
465633
465824
466130
467309
467317
467336
467351
467460
468005
468468
468910
469445
471240
471241
471926
474163
474231
475534
477465
480808
480822
480858
480883
481394
481457
481482
482488
482798
483422
483423
483508
483989
484506
484976
488453
488490
490354
490581
494697
494710
496005
601800
605341
605728
606098
606100
606268
611592
614819
615069
617981
618777
619121
621316
622139
625940
628969
638470
638471
639701
645710
651036
651454
651461
662942
692332
697031
697121
702909
706860
710803
717709
721367
723900
723919
726632
732186
732297
732471
738588
74154
