1566
1620
1862
1981
2101
2102
2135
2201
2340
3122
3200
3361
3362
3671
3757
4015
4034
4179
4183
4450
4486
4581
4660
4769
4953
5011
5189
5604
5693
6037
6239
6489
6491
7335
7341
7482
7753
7822
8014
8566
9856
10115
11500
12538
12923
13651
14827
16960
20425
22753
23187
25143
26663
27002
29075
31669
33342
35107
35396
37638
37655
38071
39572
41429
52760
52768
53319
53426
53429
53550
53789
65679
65690
65717
65803
65909
66391
67367
67381
68216
68346
68347
68372
68548
68950
69230
85182
85236
85585
85640
85713
85774
85938
85989
85990
86039
86819
87684
88254
89136
89830
89958
89959
90075
90403
90416
99248
99942
100085
101869
101955
103067
111253
136617
136618
136795
136849
137108
137120
137126
137427
138095
138127
138175
138404
138524
138727
138971
139211
139359
139622
140039
140158
140288
141053
141432
141495
141525
141527
141593
141614
141851
143404
143487
143624
143649
143651
143992
144332
144898
144900
152560
152561
152637
152664
152671
152680
152685
152754
152770
152828
152978
153002
153201
153220
153311
153814
153958
154019
154269
154275
154276
154302
154330
154590
155338
159504
159857
161989
162000
162039
162082
162116
162120
162162
162173
162183
162210
162361
162416
162421
162422
162474
162510
162567
162687
162695
162783
162825
162882
162922
162979
162998
163014
163026
163051
163067
163132
163243
163249
163348
163364
163373
163683
163697
163818
163899
164121
164202
164207
164211
164216
164400
168318
170086
170903
171576
171839
172678
173561
175706
175729
177049
177614
179806
180186
184266
185851
186844
187040
189040
189865
192559
192563
192642
194006
194268
196068
196625
197588
199003
199145
199801
200840
202683
205744
206378
206910
207398
207945
208023
208115
212546
214869
215588
216115
216258
216523
216985
217430
217628
220839
221455
221980
226514
226554
228368
230111
230549
231937
232691
234145
235756
242216
242450
242643
242708
243566
244977
247360
250620
250680
250706
251346
251722
252399
253841
255071
260141
263976
264357
264993
265196
265482
267131
267221
267337
267494
267720
267729
269690
275677
276033
277475
277570
279744
279816
281375
285263
286080
288807
289315
290772
292220
294739
297274
297300
297418
301844
302169
302831
303450
304330
306383
307005
308242
308635
310442
310560
311044
311066
312070
314082
314212
317255
325395
326290
329437
329614
330233
331876
332446
333521
333578
337075
337558
341843
342866
344076
348306
348314
348400
349068
349507
350523
350751
352102
354182
356991
357022
357024
357028
357439
357594
357622
358471
358744
359170
359369
360191
361754
363024
363027
363067
363084
363116
363305
363344
363505
363599
363734
363790
363831
364136
365014
365071
365424
366746
366774
367248
367789
368203
368565
369057
369264
371660
373135
374038
374158
374851
374855
375054
375103
377097
377732
378160
378358
380636
380981
381906
382395
382406
382745
382758
382825
385186
385252
385343
385605
386454
386847
387505
387668
387746
388188
388945
389694
390725
390929
391211
395207
398188
399457
399774
401856
401954
403775
405212
405762
406213
408792
409836
410627
410777
410778
411165
412983
413260
413577
413989
414286
414287
414990
415029
415713
415745
416151
416195
416591
416801
417211
417217
417419
417612
417634
417816
417871
417949
418094
418135
418416
418849
419472
419624
419880
420210
422686
422699
422787
423321
423709
424482
425755
428209
429094
429584
430440
430544
430804
433953
434096
434188
434196
434326
434633
434677
434734
435159
435548
436329
436671
436724
436774
437841
437844
437905
438105
438661
438908
438955
439313
439437
439877
440212
441641
441987
442037
442523
443103
443806
443880
444004
444193
444584
445305
445974
446791
446862
447755
448003
448721
450142
450263
450270
450293
450300
450894
451003
451124
451157
451297
451370
452302
452376
452807
453563
453707
453729
453778
454094
454100
454101
455148
455176
455184
455299
455687
456938
457662
457768
458116
458122
458418
458723
459683
461852
462238
462550
462959
463387
465617
465633
465824
465892
466130
466508
467309
467317
467336
467351
467460
468005
468468
468727
468910
469445
469896
470310
471240
471241
471323
471926
474158
474163
474231
475534
476601
477162
477465
477519
478574
480808
480820
480822
480858
480883
480936
481394
481457
481482
481532
481817
482250
482344
482467
482488
482650
482766
482796
482798
483422
483423
483432
483508
483560
483989
484402
484506
484517
484976
485652
487577
488453
488490
488515
488789
489486
490354
490581
494658
494690
494697
494710
494975
494999
495187
496005
496013
496816
496817
496860
496901
497117
497245
499582
500080
503861
503941
504034
504256
504680
504800
505178
505657
506074
506491
506732
506859
507716
600011
600017
600032
600095
600098
600110
600115
600159
600427
600543
600548
600564
600627
600633
600642
600662
600676
600677
600715
600727
600734
600756
600759
600767
600774
600780
600833
600853
600888
600992
601019
601036
601038
601060
601104
601140
601162
601164
601301
601340
601441
601448
601459
601465
601507
601520
601522
601540
601589
601618
601623
601725
601737
601756
601793
601800
601824
601826
601935
602099
602134
602156
602162
602275
602276
602315
602359
602377
602379
602387
603224
603226
603228
603247
603251
603258
603279
603462
603492
603812
604054
604055
604072
604225
604250
604904
604906
604917
605002
605058
605128
605136
605268
605274
605279
605341
605342
605343
605351
605352
605357
605477
605488
605496
605528
605680
605708
605728
605729
605819
605825
605877
605889
605892
606075
606094
606095
606098
606100
606170
606171
606175
606196
606254
606268
606273
606275
606334
606401
606688
606780
606865
607302
607363
607376
609158
609373
610102
610363
610365
610376
610677
610730
610800
610801
610814
610815
610873
610903
610905
610951
611009
611028
611046
611130
611137
611138
611157
611169
611181
611307
611311
611314
611327
611348
611586
611592
611787
611791
612829
612841
612842
613741
613754
613782
613915
613931
614012
614018
614044
614061
614101
614109
614375
614449
614596
614623
614652
614732
614735
614813
614818
614819
614843
614916
614932
614950
614963
614980
614988
614998
615003
615069
615127
615250
615265
615357
615358
615360
615497
615563
615668
616018
616120
616122
616153
616157
616159
616931
616937
616940
616941
616961
616984
617123
617139
617158
617159
617175
617374
617426
617471
617473
617566
617573
617625
617802
617968
617971
617981
617983
617991
617992
618081
618099
618288
618452
618569
618586
618639
618649
618777
619050
619061
619062
619117
619121
619712
619918
619989
621250
621316
621484
621495
621496
622089
622139
622373
624554
624562
625127
625133
625360
625940
626025
626042
626304
626745
626755
627161
627218
627520
627884
627890
627937
627939
628235
628835
628839
628912
628913
628920
628969
628971
629020
629472
629551
629707
629717
629805
629809
629852
629866
629974
630018
630164
630677
630682
632018
633505
633542
633544
634171
634236
634240
635223
635892
635895
636568
636580
637657
637664
637670
637697
637779
637854
638164
638467
638470
638471
638627
638674
638736
638737
639112
639345
639350
639368
639519
639701
639750
639965
640027
640110
640117
640180
640271
640387
640393
640398
640562
640599
640600
640649
641935
641956
642019
642107
642129
642137
642138
642141
644239
644242
644419
645006
645025
645036
645070
645710
645944
646246
646867
646901
646905
646911
647056
647219
647318
647444
647454
647456
647886
648012
648030
648046
648095
648423
648752
649034
649046
649244
649604
649611
650739
650764
650915
651036
651057
651203
651219
651224
651413
651424
651452
651454
651461
651466
651487
651494
651516
651559
651601
651713
651897
652359
652675
652690
652747
653103
653104
653484
654411
654427
655698
655741
656274
656286
657976
658032
658413
658802
658815
658942
659162
659167
659176
659183
659186
659358
659514
660210
660298
660300
660763
660767
660835
660881
660882
661414
661441
661726
661766
661956
661971
661989
661995
662381
662398
662495
662496
662527
662531
662615
662868
662942
662945
663076
663261
663369
663387
663388
663415
663596
663604
663683
663684
663973
664333
664349
664728
664738
664862
664869
664876
665407
666833
666995
667110
667820
667822
668021
668143
668461
668464
669604
669636
669927
670621
672063
672203
673499
673501
674089
674091
674545
674546
674559
675156
675210
675692
675696
676006
676007
676152
678321
678641
678642
678653
678677
678971
679055
679817
679818
681506
681814
682547
683782
686087
686432
686907
687917
688077
688214
688415
688859
688879
689463
689465
689466
689574
689728
689776
689784
689791
689793
689805
690400
690443
690786
691845
691848
692249
692266
692324
692332
692498
692510
692577
692755
692766
693207
693268
693431
693512
693643
693645
694340
694357
694505
694706
694723
695331
695396
695685
695727
695728
695856
695932
695934
696846
697031
697032
697121
697124
697857
697871
697945
698044
698166
698185
698466
698474
698476
698478
698543
698622
698623
698756
698796
698976
698987
699803
700084
700336
700656
702229
702261
702311
702317
702553
702554
702565
702909
704712
705395
705551
705569
705665
705938
705942
706670
706679
706736
706737
706859
706860
707051
707172
707421
707506
707507
707692
707879
707882
708140
708507
708723
708959
708963
709178
709569
709654
709655
709946
710080
710105
710416
710580
710640
710803
710836
711229
711536
711559
711614
711868
711872
711957
712059
712071
712087
712094
712119
712139
712154
712155
712163
712188
712256
712505
712745
713002
713064
713241
713696
714715
714721
715577
715578
717709
718713
718716
718745
718907
719220
719221
719224
719557
719635
719966
720614
721367
721487
721492
721501
721691
721692
721711
721741
721940
721997
722171
722236
723900
723901
723919
724344
724346
724694
725150
726544
726625
726632
726997
727137
727254
727412
727415
727474
727690
727929
728099
728124
728162
728212
728250
728802
731391
731392
731449
731531
731583
731906
732184
732186
732296
732297
732391
732471
732555
732639
732672
732782
732952
733040
733733
733735
733861
735414
735422
735423
735896
737810
737840
737853
737855
738107
738157
738240
738468
738588
739041
739065
739087
739240
739473
739548
739737
739763
740902
741270
741429
741545
741546
742191
742268
742282
742630
743373
743931
744186
744234
744235
747108
747433
747561
748817
748826
748870
749211
749437
749878
750194
750218
750693
750696
751065
751131
751382
751470
751494
751529
751928
752111
752127
752130
752581
752709
752715
753179
753182
753187
753336
753430
754790
756861
757407
757884
758763
758860
758863
759084
761330
762229
762594
762607
762620
763490
764266
764285
765000
765938
766070
766091
766128
767299
767809
768798
769264
770261
770819
770855
771811
771841
771842
771887
771893
772742
772795
773113
773173
773200
773308
773312
773317
773553
774054
775094
775627
779267
779268
779278
779280
780600
780717
780722
780746
780798
781452
781474
781478
782045
783082
783089
783292
783354
783397
783401
783529
783533
783537
783903
784172
784292
784294
784464
784467
784815
784817
784835
784837
784841
784855
785353
785659
786188
786193
786308
786897
786931
787781
788154
788219
788334
788342
788362
788364
788641
789020
789351
789594
789597
789762
789906
790474
791014
791158
791473
791484
791572
791582
791587
791959
792134
792708
793695
793698
793951
794127
794303
794316
794614
795254
795807
796897
797281
798131
798137
798143
798426
798427
798433
798971
798983
798994
799590
799591
800602
800619
801003
801414
802338
802389
803503
803514
803516
804322
804809
804823
804827
804945
804967
805465
805487
805702
805716
805740
806177
807149
807151
807152
808015
808096
808107
808113
808117
808121
808399
808931
809587
809596
809648
810381
810390
810425
810749
810751
810755
810785
811207
811210
811319
811858
811862
812628
812745
812747
813073
813090
813842
813857
814866
815058
815775
817748
817759
818272
818299
818351
818663
818700
818707
818992
819040
819046
819295
819416
819484
819562
819587
819654
820091
820118
820328
820370
820534
820564
820638
820716
820732
820967
820970
821349
821399
821558
821568
821845
821849
821870
821872
821880
822010
823153
823172
823174
823793
823799
824558
825534
825543
825836
825851
825891
826703
826797
826953
828021
828865
829226
829340
829386
829387
829401
830070
830086
830103
830110
830277
830282
830356
830357
830358
830400
830494
830515
830548
830623
830651
830780
830833
830836
830869
830874
830945
830950
830983
831008
831319
831377
831379
831380
832148
832179
832727
832768
832782
833294
834770
834987
835076
835229
835230
835401
836343
836357
837259
837431
837433
837481
837501
837611
837629
837637
838017
838130
838140
838141
838142
838280
838610
838679
838699
838701
838723
838724
838744
838793
838820
838825
838853
838871
838873
838917
838928
838929
838941
838967
839166
839624
839653
839949
840128
840151
840154
840180
840200
840210
840234
840415
840509
840679
840685
840729
840811
841021
841232
841253
841315
841351
841356
841596
841627
841628
841677
842222
842277
842357
842381
842398
842411
842425
842630
842660
842684
842702
842906
842908
843040
843054
843071
843106
843336
843377
843399
843434
844557
844566
844574
844651
844665
844739
844848
844884
845047
845050
845151
845175
845200
845201
845213
845279
